src/python_cli_app_template/geodata/gpw_v4_population_density_rev11_2020_30_min.asc
ncols         720
nrows         360
xllcorner     -180
yllcorner     -90
cellsize      0.5
NODATA_value  -9999
[rows 128 to 159 of 360, columns 360 to 431 of 720]
0.2520468 0.2520468 0.4112004 0.5686043 0.4168945 0.762263 0.8257088 0.6547251 0.06132151 0.0613337 0.09950594 0.1160023 0.1282256 0.4050073 0.4265559 0.4265559 0.4161513 0.3887137 0.4265559 0.5002453 0.5640253 0.5640253 1.252979 2.422462 2.146581 1.429303 0.7196499 0.3432607 0.3432607 0.3432607 0.3432607 0.3432607 0.3432607 0.3432607 0.3432607 0.3432607 0.3432607 0.3432607 0.2090895 0.1404515 0.1404515 0.1404515 0.1404515 0.1404515 0.1404515 0.1404515 0.1404515 0.1404515 0.1404515 0.140451 0 0 0 0 0 0 8.708884 19.70144 1.139485 0 0 9.239981 0 0 83.60787 1351.303 0 0.330986 5.31317 1.861549 -9999 -9999
0.2520468 0.2520468 0.298368 0.5230159 0.06133921 0.08124804 0.1234716 0.15858 0.06132151 0.06132151 0.0975789 0.1160023 0.1160023 0.1420763 0.2610693 0.2959486 0.1622004 0.172671 0.4173054 0.4266133 0.5565805 0.5640253 0.4940433 0.3432607 0.3432607 0.3432607 0.3432607 0.3432607 0.3432607 0.3432607 0.3432607 0.3432607 0.3432607 0.3432607 0.3432607 0.3432607 0.3432607 0.3432607 0.2099851 0.1404515 0.1404515 0.1404515 0.1404515 0.1404515 0.1404515 0.1404515 0.1404515 0.1404515 0.1404515 0.140451 0 0 0 0 0 0 0 1.636591 5.680433 0 1.62787 21.32297 0 0 18.27402 134.7198 16.55572 0.0001250308 0.4354231 0.5940529 -9999 -9999
0.2520468 0.2520468 0.2689558 0.1919214 0.06132151 0.06132151 0.06132151 0.06132151 0.06132151 0.06132151 0.0785385 0.1160023 0.1160023 0.1164795 0.1286149 0.1377706 0.1377706 0.205652 0.4197189 0.4199611 0.5089849 0.5504206 0.512806 0.3432607 0.3432607 0.3432607 0.3432607 0.3432607 0.3432607 0.3432607 0.3432607 0.3432607 0.3432607 0.3432607 0.3432607 0.3432607 0.3432607 0.3432607 0.2108807 0.1404515 0.1404515 0.1404515 0.1404515 0.1404515 0.1404515 0.1404515 0.1404515 0.1404515 0.1404515 0.140451 0 0 0 0 0 0 0 0 0 0 0 2.950377 0 0 0 144.8142 101.2982 0 0.0006368647 0.571081 0.5927668 -9999
0.2599413 0.2565875 0.2297301 0.06132151 0.06132151 0.06132151 0.06132151 0.06132151 0.06132151 0.06132151 0.06559899 0.1160023 0.1160023 0.1158595 0.1001619 0.1357593 0.1385148 0.3338248 0.4199611 0.4199611 0.4199611 0.4201615 0.463754 0.3568096 0.3432607 0.3432607 0.3432607 0.3432607 0.3432607 0.3432607 0.3432607 0.3432607 0.3432607 0.3432607 0.3432607 0.3432607 0.3432607 0.3432607 0.2117763 0.1404515 0.1404515 0.1404515 0.1404515 0.1404515 0.1404515 0.1404515 0.1404515 0.1404515 0.1404515 0.140451 0 0 0 0 0 0 0 0 0 0 0.4919506 1.492902 0 0 0 148.4913 19.76385 0 0.02638895 0.4881952 0.5797991 0.5997654
0.2659298 0.2659298 0.2363522 0.0613215 0.06132206 0.06155087 0.06132151 0.06132151 0.06150155 0.0613215 0.2584545 0.2616197 0.1017954 0.0752141 0.06747528 0.1257274 0.1789696 0.419961 0.3933588 0.3923707 0.419961 0.419961 0.419961 0.39943 0.342625 0.3432607 0.3432607 0.3432607 0.3432607 0.3432607 0.3432607 0.3432607 0.3432607 0.3432607 0.3432607 0.3432607 0.3432607 0.3432607 0.2126719 0.1404515 0.1404515 0.1404515 0.1404515 0.1404515 0.1404515 0.1404515 0.1404515 0.1404515 0.1404515 0.140451 0 0 0 0 0 0 0 0 0 0 1.839176 0.0007452737 0 0 0.03394635 86.21061 3.55497 0 0 0.000796636 0.374442 0.5969081
0.2659298 0.2659298 0.2462079 0.1434417 0.1559251 0.1571248 0.1350803 0.1368271 0.1609697 0.1489235 2.174767 2.439003 0.3136731 0.06747529 0.06747529 0.167409 0.2942312 0.2185271 0.07351077 0.06789537 0.2693339 0.4199611 0.3409754 0.1422001 0.08778127 0.146246 0.2065665 0.3141408 0.3432607 0.3432578 0.3601213 0.3609385 0.2824578 0.3242888 0.3432607 0.3432607 0.3432607 0.3432607 0.2135676 0.1404515 0.1404515 0.1404515 0.1404515 0.1404515 0.1404515 0.1404515 0.1404515 0.1404515 0.1404515 0.140451 0 0 0 0 0 0 0 0 0 0 0 0 0 0 0 0 0 0 0 0.9092727 1.576598 1.688742
0.2659298 0.2659298 0.2513301 0.1718489 0.1718489 0.1718489 0.1718489 0.1718489 0.1718489 0.1718489 2.251234 3.158829 1.461877 0.06747529 0.06747529 0.06747529 0.06747529 0.06747529 0.06747529 0.06747529 0.2395805 0.3842804 0.06771757 0.06619874 0.06619874 0.06619874 0.06619874 0.09162094 0.222678 0.1251077 0.381909 0.3716891 0.2526544 0.2527135 0.2764592 0.3194129 0.3432041 0.3432607 0.2144631 0.1404515 0.1404515 0.1404515 0.1404515 0.1404515 0.1404515 0.1404515 0.1404515 0.1404515 0.1404515 0.140451 0 0 0 0 0 0 0 0 0 0 0 0 0.006424763 2.140432 0 0 0 0 0 0.1873583 1.35025 1.679689
0.2659298 0.2659298 0.2507294 0.1718489 0.1718489 0.1718489 0.1718489 0.1718489 0.1718489 0.3931675 3.052117 3.158829 3.086987 0.6883831 0.06747529 0.06747529 0.06747529 0.06747529 0.07490067 0.2113784 0.3622771 0.3689211 0.06619874 0.06619874 0.06619874 0.06619874 0.06619874 0.06619874 0.06619874 0.06619874 0.3144396 0.4143886 0.2746873 0.2526544 0.2526544 0.2526544 0.2720165 0.315162 0.2149445 0.1404515 0.1404515 0.1404515 0.1404515 0.1404515 0.1404515 0.1404515 0.1404515 0.1404515 0.1404515 0.140451 0.002761159 0.003815595 0.003993127 0.004114513 0.004357007 0.004876812 0.004769282 0.004723759 0.003672536 0.002950311 0.004013617 0.004881856 0.4252414 2.599551 0.006975606 0.03386796 0.02609966 0 0 0 0 0.7744549
0.2316888 0.2656573 0.2737181 0.2588601 0.1757769 0.1758698 0.1735523 0.171849 0.171849 1.29048 3.158829 3.158829 3.158829 0.5759786 0.06747528 0.06747528 0.06747528 0.1511021 0.330256 0.378231 0.378231 0.36952 0.06619874 0.06619874 0.06619874 0.06619874 0.06619874 0.06619874 0.06619874 0.06619874 0.2791382 0.4145752 0.3591605 0.2526544 0.2526544 0.2526544 0.2526544 0.2526544 0.2349923 0.177989 0.1413815 0.1404515 0.1404515 0.1404515 0.1404515 0.1404515 0.1404515 0.1404515 0.1404515 0.1404522 0.3327619 0.3327731 0.3327731 0.3327731 0.3327731 0.3327731 0.3327731 0.3327731 0.3327731 0.3327636 0.3327731 0.3327731 0.3327731 0.3327731 0.8720207 3.293368 3.267713 3.11218 3.018851 3.016673 3.016227 3.01616
0.1729341 0.1962876 0.2841046 0.378155 0.2205516 0.1779988 0.1773883 0.1743734 0.1719001 1.139717 2.619958 3.084749 2.60107 0.2116383 0.150189 0.2438397 0.2732171 0.3779316 0.378231 0.378231 0.378231 0.3701189 0.06619874 0.06619874 0.06619874 0.06619874 0.06619874 0.06619874 0.06619874 0.06619874 0.1349109 0.4052255 0.4145659 0.3289047 0.2526544 0.2526544 0.2526544 0.2526544 0.2526544 0.2526544 0.2342177 0.1790081 0.1464323 0.1404515 0.1404515 0.1404515 0.1404515 0.1404515 0.1404515 0.1404522 0.3327731 0.3327731 0.3327731 0.3327731 0.3327731 0.3327731 0.3327731 0.3327731 0.3327731 0.3327731 0.3327731 0.3327731 0.3327731 0.3327731 0.9763023 3.293368 3.193618 3.02122 3.02122 3.02122 3.02122 3.02122
0.1729341 0.1729341 0.2345999 0.3706163 0.2863235 0.1779988 0.1779988 0.1779988 0.1741482 0.2007926 0.2102168 0.4679913 0.5415872 0.2102168 0.9279485 1.901067 0.3782309 0.3782309 0.3782309 0.3782309 0.3782309 0.3707178 0.06619874 0.06619874 0.06619874 0.06619874 0.06619874 0.06619874 0.06619874 0.06619874 0.06619874 0.3033037 0.4145752 0.4142738 0.3341935 0.2526544 0.2526544 0.2526544 0.2526544 0.2526544 0.2526544 0.4123966 0.7311566 0.3798574 0.1449178 0.1404515 0.1404515 0.1404515 0.1404515 0.1404519 0.3327731 0.3327731 0.3327731 0.3327731 0.3327731 0.3327731 0.3327731 0.3327731 0.3327731 0.3327731 0.3327731 0.3327731 0.3327731 0.3327731 1.110555 3.293368 3.25678 2.975525 2.946611 2.999716 3.021208 3.02122
0.1729341 0.1729341 0.1729341 0.5503725 0.5350462 0.1811982 0.1779988 0.1779988 0.2021583 0.2102168 0.2102168 0.2102168 0.2189543 1.209601 2.121346 2.086027 0.3785938 0.378231 0.378231 0.378231 0.378231 0.3713168 0.06619874 0.06619874 0.06619874 0.06619874 0.06619874 0.06619874 0.06619874 0.06619874 0.06619874 0.1374973 0.4145752 0.4145752 0.3555555 0.2526544 0.2526544 0.2526544 0.2526544 0.2535656 0.2536737 0.7086986 0.8485405 0.8485405 0.7188044 0.3578533 0.1420608 0.1404515 0.1404515 0.1404526 0.9409561 0.9382589 0.9355875 0.9330848 0.930647 0.9259674 0.9253536 0.9247629 0.9241722 0.9235816 0.9212731 0.9181182 0.9199406 0.9218313 1.657902 3.293368 3.293368 2.928239 2.792517 2.792517 2.802474 2.82039
0.1731883 0.5559235 0.6051368 0.7192849 0.7498136 0.5495358 0.3068877 0.1779988 0.1953668 0.2102168 0.2102168 0.2536899 1.436675 2.123054 2.123054 2.123054 0.431045 0.3782309 0.3782309 0.3782309 0.3782309 0.3719156 0.06619874 0.06619874 0.06619874 0.06619874 0.06619874 0.06619874 0.06619874 0.06619874 0.06619874 0.2557146 0.4145752 0.4080287 0.2710056 0.2526544 0.2526544 0.2526544 0.2526544 0.8376767 0.8485404 0.8485404 0.8485404 0.8485404 0.8485404 0.8485404 0.6983253 0.3324538 1.325499 1.325505 1.325505 1.325505 1.325505 1.325505 1.325505 2.326551 2.314702 2.298569 2.282435 2.266095 8.603543 26.03142 3.659384 2.080792 2.632209 3.293368 3.293367 2.963147 2.792517 2.792517 2.792517 2.792517
0.5869031 0.9584185 2.379126 0.8597544 0.6089528 0.5507885 0.3117953 0.1918371 0.3838138 0.7232293 0.9277387 1.377029 2.123054 2.123054 2.123054 1.926957 0.5018795 0.378231 0.378231 0.378231 0.378231 0.3725145 0.06619874 0.06619874 0.06619874 0.06619874 0.06619874 0.06619874 0.06619874 0.06619874 0.06619874 0.3021839 0.4145752 0.3329747 0.2526544 0.2526544 0.2526544 0.2526544 0.2526544 0.8399313 0.8485405 0.8485405 0.8485405 0.8485405 0.8485405 0.8485405 0.8485405 0.8485405 1.325389 1.325505 1.325505 1.325505 1.325505 1.325505 1.325505 3.967357 3.972711 3.972711 3.972711 3.972711 5.812234 6.949937 3.972711 4.857127 7.251201 3.293368 3.293368 3.045896 2.792517 2.792517 2.792517 2.815681
1.255901 1.1498 2.953498 4.155843 2.432906 0.3473 0.3424844 0.3458633 0.7828486 1.222461 1.293113 1.29392 2.010839 2.123054 2.123054 1.422677 0.378231 0.378231 0.378231 0.378231 0.378231 0.3731135 0.06619874 0.06619874 0.06619874 0.06619874 0.06619874 0.06619874 0.06619874 0.06619874 0.06619874 0.3443244 0.4522249 0.5642734 0.5593876 0.5606532 0.5619187 0.5131415 0.4146965 0.8438804 0.8485405 0.8485405 0.8485405 0.8485405 0.8485405 0.8485405 0.8485405 0.8485405 1.325389 1.325506 1.325506 1.325506 1.325506 1.325506 1.326746 2.928083 2.932117 2.936112 2.940017 2.886845 2.374785 2.765031 3.178291 9.818837 9.689379 3.663502 3.293368 4.933444 3.002316 2.792517 2.83743 11.69501
2.362228 1.047471 4.398097 4.753194 3.44093 0.345989 0.3456276 0.3453692 0.6928226 1.139454 1.293113 1.293113 2.035995 2.123054 2.123054 1.920181 1.083662 0.4720931 0.378231 0.5002521 0.8127647 1.074764 0.06619874 0.06619874 0.06619874 0.06619874 0.06619874 0.06619874 0.06619874 0.06619874 0.06619874 0.3653191 0.6258439 0.7281993 0.7281993 0.7281993 0.7281993 0.7756554 2.097502 1.26265 0.9235432 0.8517871 0.8485405 0.8485405 0.8485405 0.8485405 0.8485405 0.8485405 1.325389 1.325506 1.325506 1.325506 1.325506 1.325506 1.326491 1.548242 1.548242 1.548242 1.548242 1.548242 1.624932 2.888683 6.048612 11.47813 13.41575 17.05705 14.03231 15.08277 11.29356 4.849638 9.91234 14.46277
2.831581 2.579769 3.401423 2.857394 0.4216163 0.3698527 0.3149155 0.2774068 0.6618829 1.047044 1.257137 1.293113 1.449917 1.642878 2.151888 7.420619 10.12558 10.12014 10.10332 10.22545 9.358328 7.780691 0.06619874 0.06619874 0.3150849 0.6753402 0.8345725 0.8408293 0.8470859 0.8533425 0.8596101 0.5390537 0.7279451 0.7281992 0.7281992 0.7281992 0.7281992 1.694153 2.743032 2.743032 2.743032 0.9453222 0.8485405 0.8485405 0.8485405 0.8485405 0.8485405 0.8485405 1.325389 1.325505 1.325505 1.325505 1.325505 1.325505 1.32716 1.548242 1.548242 1.548242 1.548242 1.759229 3.575624 4.193815 4.311598 9.235795 14.41254 19.68267 17.53177 16.02695 13.00383 11.13226 13.96332 14.46277
4.602161 5.27007 3.1933 0.5052349 0.3666694 0.3666694 0.2948064 0.2774068 0.6625419 1.017579 1.045331 1.205185 1.293113 1.293113 1.769886 9.895885 10.30353 9.483944 4.619709 2.112668 1.121289 1.10431 0.1819613 0.5421509 0.8702208 0.8736459 0.8736459 0.8736459 0.8736459 0.8736459 0.8736459 0.6939212 0.7281993 0.7281993 0.7281993 0.7281993 0.7414846 2.512506 2.743032 2.743032 2.679855 0.8498042 0.8485404 0.8485404 0.8489657 0.9607633 0.9721321 0.9609113 1.325413 1.325505 1.325505 1.325505 1.325505 1.325505 1.32783 1.548242 1.548242 1.548242 1.961923 3.830786 4.193815 4.193815 4.193815 4.394337 9.340769 10.19211 10.19211 11.03677 10.19211 10.19211 10.62961 14.12557
10.87869 5.296003 3.404293 1.207725 0.3666694 0.3661947 0.2823914 0.2774068 1.424685 1.175054 1.017579 1.017753 2.263736 1.293113 1.282189 4.048387 4.799962 4.0197 1.240763 1.121289 1.065045 0.8352579 0.7340052 0.7344633 0.8736459 0.8736459 0.8736459 0.8736459 0.8736459 0.8736459 1.330976 1.340055 0.752553 0.7281993 0.7281993 0.7281993 1.102141 2.743032 2.743032 2.743032 2.499189 0.8485405 0.8485405 0.8485405 2.951221 10.12175 10.12175 10.12175 1.327653 1.325506 1.325506 1.325506 1.325506 1.344147 1.486136 1.691504 1.688532 2.278086 4.033687 4.209054 4.209052 4.222572 4.289304 42.8106 22.12023 21.51977 23.13614 28.29617 17.15332 10.19211 10.19211 14.57858
17.56966 3.545717 2.951142 2.104429 1.260318 1.568452 0.8036148 0.9673237 3.704313 3.706715 8.557451 25.74315 30.79948 5.879318 1.21292 1.121289 1.121289 1.121289 1.535616 1.904737 0.7464506 0.7340052 0.7340052 0.7346781 0.8736458 0.8736458 0.8736458 0.8736458 0.8736458 1.297881 2.465575 2.518599 2.290514 1.514441 0.8285075 0.7281992 1.955269 2.743032 2.893215 2.743032 2.739408 1.138137 0.8485404 0.8485404 8.26251 10.12175 10.12175 10.12175 4.453252 1.325505 1.325505 1.325505 1.325505 1.54791 4.524387 4.524387 4.524387 4.524387 4.524387 4.617837 5.103472 5.630655 6.249949 141.1584 297.256 175.1093 82.81268 31.62221 26.75556 10.66139 19.14786 19.33609
16.25278 21.49362 5.88993 2.350162 2.331881 2.729312 3.701282 6.448859 4.012297 4.012219 20.61905 32.54779 46.88377 13.4031 1.357859 2.124944 3.385834 11.72001 21.66361 5.17546 0.7340052 0.7340052 0.7340052 0.734893 0.8736458 0.8736458 0.8736458 0.8736458 1.225579 2.442812 2.518599 2.518599 2.518599 2.584049 2.745619 2.062719 2.735448 2.743032 4.403872 4.480409 6.304044 4.454985 9.966011 13.76376 15.56212 12.05144 8.743986 8.378239 4.851561 1.325505 1.325505 1.325505 1.325505 1.336743 4.450724 4.524387 4.524387 4.524387 4.524387 5.353483 6.249949 6.249949 6.249949 13.63567 376.9749 462.6406 126.3687 82.92429 50.01534 10.52785 39.05353 54.13288
7.04273 12.58691 18.22891 14.35945 10.77827 11.7177 11.41902 14.47289 22.75827 44.36903 54.75083 50.02481 47.09451 24.96292 16.69993 13.57263 17.07115 24.61249 24.61249 5.393268 0.7340052 0.7340052 0.7340052 0.7351079 0.8736459 0.8736459 0.8736459 0.9777109 2.309111 2.518599 2.518599 2.518599 2.547814 2.841161 2.889194 3.23064 4.897119 4.76079 5.577269 6.523671 13.77582 14.29829 15.31028 17.06404 17.09614 15.9071 6.455647 6.311276 2.722642 1.325505 1.325505 1.325505 1.325505 1.325505 4.169716 4.524387 4.524387 4.524387 4.579796 5.992071 6.249949 6.249949 6.249949 6.249949 196.689 578.624 128.9967 55.7622 8.301702 4.837389 22.90945 78.20016
34.05856 40.11552 41.96345 29.15727 24.69571 25.31745 23.69089 14.84475 41.10152 63.9715 72.99447 120.3386 110.4108 58.66029 66.50779 22.2424 22.63773 24.61249 24.24991 18.90068 6.913135 0.8113116 0.7340052 0.7381911 0.8736458 0.881124 1.446792 1.844147 2.518599 2.701836 4.866251 2.940051 3.250065 2.889194 2.889194 3.865026 5.584609 5.584609 5.986521 8.55333 13.71446 14.29829 15.33233 34.00782 25.67659 13.48978 6.507315 6.45381 6.45381 6.45381 9.811317 11.81509 8.96503 1.884945 3.259392 4.524387 4.524387 4.524387 4.524387 6.188834 6.389737 7.12878 6.537222 24.38594 68.82555 171.1568 170.9088 82.91519 33.66494 4.116149 5.538397 17.26501
53.50228 65.97784 68.3387 39.15433 27.19525 32.31281 35.70071 38.90176 52.50508 63.38668 137.0704 171.1938 173.1428 79.55862 94.28867 98.35188 92.97614 42.26082 81.35383 78.50367 21.95706 17.46355 7.574183 12.91979 18.07675 18.0892 16.44602 20.68895 11.68968 12.11583 25.00858 23.1407 6.057387 2.889194 2.889194 4.499411 5.58461 5.648977 8.46642 8.941305 21.67794 25.02944 21.37249 39.87158 35.91654 16.8403 24.58991 19.84654 7.460075 9.022084 27.95521 26.13363 17.40434 13.65674 7.15594 7.324435 4.982823 4.524387 6.562761 18.53452 18.85674 22.38957 19.2761 56.60388 71.59394 162.3677 202.5904 235.4915 46.40178 11.78287 95.94746 22.87914
50.88459 58.52062 78.00581 61.69381 293.4377 63.91425 58.55376 63.31167 56.30817 88.50391 200.3191 188.9753 155.9864 130.869 241.9015 133.9239 139.1265 193.3423 213.2046 64.08084 21.95707 20.4097 17.01437 20.77053 26.33047 30.88109 49.71105 29.12798 21.36246 32.66346 53.94976 34.63265 19.81292 16.45807 8.437852 5.276779 5.58461 6.106098 8.941306 8.941306 20.19197 30.10618 33.68687 54.80611 59.34282 26.56019 80.95292 80.39981 130.9421 54.52104 54.86583 48.09306 14.73051 11.23485 11.22554 19.66067 21.51331 17.68184 21.75008 24.38293 29.53588 37.5703 29.25765 43.35743 73.84837 134.2152 88.11418 106.8568 64.80093 26.60929 41.4655 25.25149
38.85453 41.53773 41.02935 43.43271 253.9878 90.37015 71.50246 88.24148 57.35762 109.1461 471.4128 170.1741 138.4338 150.7032 188.3618 320.3429 331.0536 263.8965 141.5657 68.28508 59.31437 42.03003 38.42374 38.97628 32.15119 47.64198 49.09745 59.44281 28.30834 29.4469 61.42137 42.0562 22.09237 21.59886 16.73874 13.30313 6.193029 6.703003 8.884026 8.979048 14.40425 30.38114 33.5898 50.00001 71.81894 18.39066 24.18136 36.51321 57.79312 44.56971 55.67714 24.88973 14.02095 11.1171 13.17819 19.85903 20.95338 22.43959 22.47986 69.20531 81.82568 39.75151 39.24802 39.63643 85.7128 133.4529 51.9512 87.10197 28.12056 38.26657 24.00528 23.18558
58.72206 29.95768 26.04326 36.24944 40.04167 86.29567 71.13136 87.81184 125.2968 188.7803 277.7034 120.8584 160.7986 235.3759 271.8862 499.9385 480.1223 362.5388 207.0872 165.966 211.9792 142.6669 75.27637 51.09653 57.3555 83.76617 66.7886 76.92556 67.39569 44.06231 31.71569 31.19836 23.24049 19.46499 14.8621 13.11601 9.227288 14.9465 11.80121 12.71518 10.05947 15.34148 34.44014 33.68129 37.1603 24.63146 20.44373 28.45428 63.0401 59.69697 75.86567 36.50105 16.65946 16.06336 20.57535 19.95231 22.26342 22.28878 22.51931 40.12797 74.98034 39.21435 35.68693 36.09052 31.55237 69.20803 22.00774 40.64122 67.16042 18.36358 22.46374 20.14208
56.97951 34.94906 27.1995 26.2194 29.06492 27.58653 87.80995 114.8825 257.0385 179.7511 117.392 107.6291 168.7144 243.0539 230.8669 344.7394 851.7283 740.0677 243.6805 279.9007 279.7663 126.5113 80.52046 33.39272 38.42704 49.21175 88.11079 68.08448 164.6759 201.6507 361.2995 19.09248 13.64953 17.58907 18.26482 21.12536 25.44952 29.63642 17.54789 12.02252 9.09035 9.013852 16.30736 23.59052 25.42205 32.06568 20.60811 25.15277 87.16148 78.47663 72.62466 50.15527 23.06919 16.34159 25.5686 27.45852 26.58582 16.83363 15.52092 14.71288 16.23455 29.72505 24.88741 12.36949 15.5699 27.49942 24.56078 20.03909 90.07101 32.40382 16.49141 14.31943
75.4819 36.72591 39.04926 68.67467 31.23234 26.90505 74.44311 103.6153 174.8434 100.6149 125.0397 102.9338 89.54929 178.0935 251.9612 413.8543 1190.502 1033.584 395.9828 265.3706 248.9949 179.7485 194.9809 77.36164 55.47038 46.08968 398.0771 64.39605 93.99053 69.30532 58.43636 10.48427 10.48427 12.88813 17.97923 18.22321 22.92918 27.07014 10.56771 7.946615 9.358706 9.339223 17.73114 16.75521 21.20068 17.71622 11.18591 63.31023 110.9005 80.28452 68.97741 63.23839 62.31271 23.26863 25.54245 22.39302 12.27768 12.2697 12.88475 14.28863 14.28863 19.69941 17.50308 8.5602 9.868954 15.90279 16.377 14.71285 60.49149 39.64865 11.14019 7.999145
109.9053 36.95601 18.84451 25.89782 65.22568 69.62605 57.43237 62.11868 100.8911 123.8657 137.2437 106.2222 57.7696 80.3424 319.2083 579.3307 322.9961 313.2354 204.3591 228.8636 286.7743 178.9599 108.3451 73.76827 60.48125 52.46707 62.89814 162.8955 140.4663 68.20476 42.2889 10.48895 10.48574 11.3244 8.631454 4.694407 4.857612 9.15683 6.863689 7.936816 9.217967 9.519054 5.46068 2.592925 9.117468 22.75344 18.67377 45.14165 75.24266 112.1255 71.22211 63.94661 51.11463 36.37477 21.31872 10.72321 11.2432 11.9137 10.5347 9.834434 10.3798 7.955621 8.021309 8.5602 8.76994 17.26632 18.18178 24.22154 23.13408 36.87243 5.578523 11.27563
203.787 90.75608 49.95792 47.43906 35.43865 34.04599 36.82105 34.72366 33.38935 90.33864 85.09097 61.48809 60.53871 74.07002 355.6267 249.3073 172.4786 137.1303 95.33662 90.10348 93.5473 94.19243 185.5945 113.3756 85.04139 82.94207 140.1159 273.6466 203.705 164.2771 56.18057 27.51118 19.59614 17.98213 11.90721 4.694407 4.694407 4.694407 4.694407 7.63931 9.519053 8.914012 2.692335 2.271008 1.770493 4.081019 31.71047 41.29838 39.44042 111.8642 38.42065 30.34842 35.76479 27.31473 22.58375 7.445148 9.664306 7.445055 5.102004 7.929234 7.76578 6.040246 6.715388 8.584598 9.782382 15.86537 18.51567 21.24325 17.00332 24.65327 11.98908 15.37121
70.98015 73.83455 84.31182 53.68174 51.77227 49.67868 63.22614 38.31425 27.08849 78.68687 68.82374 61.48809 79.53954 74.21672 286.5843 87.06944 137.5468 185.9803 86.7646 165.9274 140.7063 119.1076 330.6562 160.2848 116.0013 95.14054 229.5093 228.0304 156.4104 140.3419 109.8779 42.34083 27.2307 19.3346 18.12358 21.98221 15.69127 5.799013 8.661128 10.82568 9.469956 6.543102 2.562656 2.007872 1.693088 1.628457 7.263404 25.57961 22.45848 22.43993 9.640097 8.581061 34.45539 30.87056 26.42771 11.30483 7.378622 7.31724 6.060329 9.007977 8.286285 5.616375 5.767569 11.47517 11.53601 11.22116 6.138988 9.665955 25.64056 43.07813 25.45611 16.15564
