src/python_cli_app_template/geodata/gpw_v4_population_density_rev11_2020_30_min.asc
ncols         720
nrows         360
xllcorner     -180
yllcorner     -90
cellsize      0.5
NODATA_value  -9999
[rows 128 to 159 of 360, columns 504 to 575 of 720]
158.7609 156.8576 163.0148 184.7731 275.2704 227.2209 222.5833 200.4647 264.5129 180.4057 107.6175 296.9864 323.9111 369.9196 333.2823 305.0124 427.9307 639.787 869.3041 1170.287 1142.919 1253.544 1293.909 1304.548 1251.078 1743.885 2920.424 2028.854 1804.492 1406.725 1206.974 1388.291 1026.058 1110.599 1396.492 1074.815 276.871 173.4159 166.8936 319.77 166.6462 199.3518 211.9082 250.632 179.9774 41.8613 7.393785 6.984993 51.72573 50.42322 65.58891 10.64679 14.54604 69.36861 55.85991 52.38213 321.4366 161.7642 115.1032 101.4119 97.05481 118.9166 127.6852 210.1512 246.9361 263.4065 179.8804 160.5104 117.7779 87.5581 72.10816 116.9496
202.8194 191.9931 207.958 241.8348 285.6185 330.8849 198.8857 433.3786 286.1869 176.2942 146.5205 197.2566 361.2662 430.3295 337.2306 337.7182 348.5627 397.3297 562.2867 1400.242 1272.602 1877.687 1267.132 987.1585 1269.454 1312.79 1517.434 1488.166 1383.161 1317.982 1426.568 1122.193 915.2286 846.6301 1105.419 1017.41 467.7441 328.4305 402.6129 414.3973 282.1127 148.5688 50.48808 107.3152 181.0755 25.24736 21.51348 21.50951 44.06856 40.56475 55.97268 27.46866 77.27755 125.2279 256.9145 64.81516 188.2669 169.4512 140.0906 173.9441 148.9648 1111.469 207.8648 381.3904 209.7529 289.9694 217.0509 135.0829 79.21025 61.85834 57.05592 62.72801
245.8472 242.7078 231.7779 385.2189 333.7935 276.4168 155.4537 357.7975 280.7913 197.897 225.9304 193.5667 274.5634 301.6139 309.3211 208.7291 209.6111 391.5033 435.6737 402.5348 368.514 378.4996 403.9413 368.3473 857.5658 1182.507 1168.662 837.3915 672.6819 713.1761 601.1673 1155.745 1216.59 958.8998 1221.441 1272.956 1357.017 1126.943 639.7746 1358.682 976.9271 709.2236 169.6659 531.3746 127.2784 22.99389 23.88742 30.36757 36.19448 21.39413 29.83332 75.47713 124.5362 157.5522 184.1587 142.0078 106.8774 85.45802 50.71577 111.7334 171.3568 685.5392 241.4172 268.1789 168.7634 105.0383 111.6502 65.68742 47.00156 58.71975 91.53979 74.23661
481.3763 327.9487 220.1754 380.199 316.2345 250.9087 269.9018 249.6847 261.9367 249.6059 234.5446 258.6829 295.878 237.8371 182.0566 140.9286 179.7067 311.2688 346.0368 303.4106 284.459 285.7939 333.0322 565.8489 485.4903 407.1888 511.9843 584.2837 647.6961 731.0123 409.1534 813.5275 1571.24 1349.359 1108.96 1570.733 1861.313 1681.058 1135.292 681.3369 408.3123 148.7687 32.544 183.0961 60.62748 27.56741 30.0619 39.4189 67.12996 48.30539 56.61164 115.0413 86.51165 118.6926 101.8894 102.5926 137.0983 81.62054 64.75809 50.30721 132.7619 443.7199 164.8673 127.053 111.289 85.39956 72.92149 35.9875 51.80388 90.31833 96.47775 89.39703
508.0913 426.2059 396.0739 401.7712 447.0341 301.9381 305.0495 254.2352 254.0323 301.5384 287.2577 248.0848 236.1991 380.3879 261.9289 202.2084 319.2734 215.1214 176.5594 95.35136 124.5349 161.0975 153.7766 176.877 284.7437 302.7657 610.3952 610.0669 1353.198 1496.031 820.5989 838.938 1303.21 1018.852 1201.911 1153.214 7711.349 2559.595 1345.714 240.2153 85.39529 165.8522 34.93741 13.66257 41.54122 17.60975 41.97515 65.9275 62.77163 16.14547 25.38081 108.1152 45.51158 85.53198 106.4039 69.08477 112.2198 50.48039 47.7111 77.11904 98.79507 192.4234 185.7879 101.4178 139.4565 121.4688 105.4592 93.78356 76.21607 162.7105 139.9344 146.9716
419.3207 1829.22 401.8894 446.6202 623.2655 346.8746 387.1257 469.2428 296.3605 326.4513 910.6931 378.1825 179.0532 198.9384 195.9866 477.7761 341.6112 323.3945 175.8477 268.4386 172.4921 223.2225 250.7997 126.5384 177.0016 393.8523 772.2986 407.8088 604.4005 530.0724 657.8156 769.3781 1573.159 1304.073 1123.242 888.0477 1169.124 1761.309 1603.076 320.6604 102.9787 41.93134 36.50764 32.07951 77.61627 30.99483 62.07728 69.17377 38.74598 23.01089 24.71648 55.15732 62.68661 49.67466 73.44808 84.35715 44.36963 46.34731 50.86361 94.82005 133.7066 143.0729 297.3253 96.10943 202.7819 153.1173 130.4827 81.04469 150.1445 133.3419 148.4953 181.5359
372.6419 1747.264 654.7744 604.6355 649.7106 344.8046 313.0083 893.1234 759.7702 210.7456 182.7984 245.7126 197.2117 232.447 177.2297 350.9407 170.5683 129.2441 82.40046 173.973 150.4689 161.1336 181.5817 182.4351 177.6045 197.5119 194.8443 375.003 932.4267 413.5563 544.7349 1102.338 5940.984 1533.991 998.0646 1028.635 1056.611 1405.087 1425.596 825.3367 234.9771 56.9253 20.23611 13.57551 60.81875 49.3866 97.57394 151.9922 85.40312 49.56462 42.40183 62.6624 44.49395 58.59326 69.38855 84.38187 43.10851 86.24642 44.78018 39.2769 52.66006 81.32494 137.9529 76.76401 123.4533 102.265 82.45952 58.23652 108.6508 90.35442 97.02795 143.674
216.388 583.4554 1132.372 352.6269 291.1267 294.1445 361.4151 310.5442 214.236 138.3169 181.3901 160.7667 206.7533 244.8012 203.5093 210.5337 150.4884 131.5675 217.7838 297.0956 532.131 355.4483 175.3426 178.3289 203.4839 457.3455 193.5145 289.659 279.8229 378.2132 830.283 1575.389 3065.235 1117.744 317.6174 340.1562 749.1678 813.8666 922.9672 3912.528 504.7789 50.3133 20.72447 10.85747 44.45262 82.75999 223.2764 174.0633 232.4294 57.30386 38.32312 33.83852 33.07022 19.63281 45.60005 51.30424 62.15211 93.29003 24.96557 17.53558 14.92474 27.469 84.94816 114.9909 102.9364 117.5283 90.92815 74.01669 51.55917 119.8413 128.1045 123.0248
611.3439 290.184 396.0933 290.3977 289.1186 351.3653 303.4388 330.3503 303.5206 164.2908 111.7189 178.3482 192.2421 253.6132 186.2029 214.8856 318.1091 158.1114 312.7579 390.2669 429.1544 492.8199 349.7648 271.8098 218.8605 116.1546 137.0006 300.2055 160.9757 441.2364 766.6596 1177.667 1022.419 289.619 195.9141 161.5258 522.3007 571.5471 -9999 1475.373 453.4784 20.88788 8.771587 10.10993 44.22887 95.54092 208.5654 162.4449 590.947 68.28306 23.57743 23.30233 30.94234 12.61902 23.21594 29.93826 64.77015 103.0238 48.2235 25.17665 10.68859 17.36068 72.26026 91.63005 73.34239 164.0628 213.126 319.4539 118.9568 140.7202 50.08099 115.4002
507.611 3431.597 535.0125 279.4669 349.8201 345.7117 358.2681 450.4577 356.9913 201.4948 223.8298 362.1519 206.7682 618.6738 887.447 307.2886 322.1217 266.7821 786.5356 916.3754 330.7377 234.5946 265.7788 402.7582 170.0887 136.7535 182.5184 167.5992 419.7298 671.2895 502.6851 -9999 -9999 -9999 -9999 -9999 -9999 -9999 -9999 2505.86 391.6234 29.56178 10.95387 11.00269 41.86924 129.2915 167.4275 135.565 111.8992 54.49526 56.50056 30.12942 17.56145 16.53422 25.82524 41.31827 22.72048 20.62823 51.18571 32.47878 17.54019 23.73323 96.20527 135.5893 86.30919 95.80181 418.0813 2100.945 802.5566 247.1689 124.1153 130.7958
-9999 785.7606 572.347 202.0982 357.3201 495.4036 328.0328 420.8197 345.4147 340.689 395.6927 337.7179 203.2361 302.3697 166.7035 220.2665 146.7087 183.298 312.8544 315.0706 166.0627 188.7909 312.1112 268.8883 170.7874 133.1685 372.9796 455.8004 836.3665 636.3198 407.7509 -9999 -9999 -9999 -9999 -9999 -9999 -9999 -9999 -9999 215.5202 71.27303 68.82144 22.62693 43.28542 127.6358 115.5708 171.3892 102.9838 166.5378 118.6248 36.49433 16.54766 10.7355 19.02614 43.36332 20.49085 11.75493 24.35237 40.07775 33.23881 17.61338 18.40301 33.30079 41.04542 77.17211 165.485 1461.851 1179.494 1441.782 422.5645 89.20259
-9999 1011.849 510.5975 526.4853 393.5161 350.8699 304.7022 319.3638 287.4539 265.4149 253.7504 284.0804 228.1268 206.6478 182.5039 217.4296 96.07687 95.16093 151.837 136.615 107.226 256.6318 263.36 125.0593 145.3882 134.17 428.0065 1165.274 779.7626 704.3382 -9999 -9999 -9999 -9999 -9999 -9999 -9999 -9999 -9999 -9999 -9999 198.2469 81.17513 30.01315 33.42429 113.8169 111.7952 87.59483 75.22958 87.78558 76.84902 14.89564 11.63634 10.97849 42.23017 122.9447 89.19034 33.26539 35.21266 23.82962 28.38685 15.78413 10.98673 11.80063 31.23997 29.90712 146.4366 461.2617 1139 919.6559 -9999 312.2033
-9999 712.4663 299.8233 694.8809 398.7518 369.9388 634.7385 524.3262 319.4622 280.9027 303.6513 252.089 192.127 216.1953 226.9781 165.8781 77.60735 54.60231 62.14146 137.2361 217.4109 293.9914 189.0006 81.96175 134.7352 448.4281 459.3298 840.5685 570.4268 -9999 -9999 -9999 -9999 -9999 -9999 -9999 -9999 -9999 -9999 -9999 -9999 134.9258 86.98659 37.08049 24.73846 54.97432 85.78211 76.22988 87.85722 55.54376 63.85007 8.026256 8.88857 30.4286 94.5622 118.7053 91.59272 29.13127 29.57238 17.345 56.87281 13.38151 18.30877 27.76039 21.92467 30.57326 122.6485 815.283 838.998 -9999 -9999 -9999
-9999 15746.66 1966.232 319.8012 268.2659 369.1139 282.3452 262.8433 288.2435 394.2903 617.9945 296.07 212.885 122.3662 143.1564 117.155 50.21158 31.05719 63.4336 138.4214 262.8777 245.352 171.4071 164.4648 159.3 814.3182 627.8212 -9999 -9999 -9999 -9999 -9999 -9999 -9999 -9999 -9999 -9999 -9999 -9999 -9999 -9999 -9999 122.3543 90.86662 24.58908 33.50334 90.07867 78.2495 88.75328 38.09193 28.48288 8.4659 14.66415 55.69529 62.30819 77.40435 46.70215 48.05443 29.52908 40.17611 14.30542 7.056172 37.55598 14.04541 23.32516 35.13511 199.592 504.9716 -9999 -9999 -9999 -9999
-9999 3617.52 543.3156 1712.263 501.9724 247.9977 192.1638 259.2295 341.0521 343.3555 306.6935 338.1426 457.4096 341.2434 444.0031 159.5697 44.5808 32.33868 82.52578 113.338 196.926 210.7961 272.7398 281.6166 352.4872 489.5377 -9999 -9999 -9999 -9999 -9999 -9999 -9999 -9999 -9999 -9999 -9999 -9999 -9999 -9999 -9999 -9999 100.249 90.16926 31.3148 45.38765 157.535 111.2754 118.3624 56.70393 9.346546 8.861492 21.90818 236.1573 193.032 43.55244 35.14154 50.70321 14.77019 17.52229 38.01279 23.05184 13.12389 38.14445 9.288819 23.58854 222.4246 782.7232 -9999 -9999 -9999 -9999
-9999 372.8666 252.8741 952.0995 441.3727 335.791 219.3452 235.5412 390.3286 360.2978 307.7445 298.0496 302.0988 358.9746 443.5908 334.5442 75.73808 58.82546 37.51099 126.6583 112.9283 139.1134 400.0101 571.3557 485.8263 -9999 -9999 -9999 -9999 -9999 -9999 -9999 -9999 -9999 -9999 -9999 -9999 -9999 -9999 -9999 -9999 -9999 -9999 100.249 32.39186 50.37829 127.706 143.7845 93.38117 75.53291 12.26807 15.08088 27.30611 86.40026 89.45782 70.82802 98.61416 23.67113 26.52464 32.58471 61.11514 183.3692 74.93311 81.11457 31.70651 26.3506 41.16933 216.4999 179.987 -9999 -9999 -9999
-9999 -9999 180.025 251.9503 329.4725 264.6642 317.6119 567.7204 229.6836 304.8188 369.3739 357.3338 725.9938 480.6758 291.9863 528.4816 123.0966 207.0877 73.45296 43.54599 92.24577 408.2254 1393.336 431.3222 -9999 -9999 -9999 -9999 -9999 -9999 -9999 -9999 -9999 -9999 -9999 -9999 -9999 -9999 -9999 -9999 -9999 -9999 -9999 -9999 31.39859 53.75931 176.8676 155.4784 156.2249 154.3603 35.47482 20.11273 23.85327 30.52365 38.78944 55.42828 94.93019 21.69909 26.19439 53.20272 73.82805 299.3584 95.11283 82.04177 63.7776 26.30447 16.47442 26.97857 146.7656 149.1628 -9999 -9999
-9999 -9999 254.4577 190.4463 453.8471 269.0588 192.4892 214.6527 212.7339 354.8827 257.8802 356.3658 1880.718 1288.981 290.7562 316.4146 387.8922 233.4404 180.2675 340.7482 514.0821 563.457 621.7839 -9999 -9999 -9999 -9999 -9999 -9999 -9999 -9999 -9999 -9999 -9999 -9999 -9999 -9999 -9999 -9999 -9999 -9999 -9999 -9999 -9999 57.83321 78.38496 220.8027 241.4614 314.2923 167.7922 112.3239 86.3918 40.58492 26.09836 42.53712 127.578 82.60483 38.13726 30.5348 66.24406 117.8804 147.8566 99.72702 90.35155 99.37025 132.3755 32.91013 19.36941 49.72791 149.1429 141.0807 -9999
-9999 -9999 205.9723 149.8262 939.9052 671.8641 319.1478 285.3243 223.2386 227.8913 261.8777 379.5105 284.6896 182.2643 230.5954 324.0392 345.868 717.8143 452.381 1041.213 958.712 -9999 -9999 -9999 -9999 -9999 -9999 -9999 -9999 -9999 -9999 -9999 -9999 -9999 -9999 -9999 -9999 -9999 -9999 -9999 -9999 -9999 -9999 -9999 55.32522 222.3704 227.8633 257.5669 2228.288 237.6855 179.3821 166.7538 86.04803 66.50992 74.27734 110.5368 204.5191 67.6696 75.82962 41.94572 133.9277 157.984 107.7571 89.27409 78.33259 129.5611 72.54893 34.54131 22.58129 77.93063 224.1966 664.092
-9999 -9999 157.0474 177.0016 383.5343 478.1833 325.6076 284.541 249.2311 224.2822 270.6162 306.4318 257.9282 86.52033 100.451 261.5977 767.0526 698.3788 505.9492 889.2764 546.4262 -9999 -9999 -9999 -9999 -9999 -9999 -9999 -9999 -9999 -9999 -9999 -9999 -9999 -9999 -9999 -9999 -9999 -9999 -9999 -9999 -9999 -9999 -9999 87.75808 151.6461 197.8859 218.5827 203.1675 254.2614 247.2372 218.5369 59.9002 25.40831 72.70319 138.7891 124.3874 84.92878 72.74879 45.97473 112.3394 191.4032 146.8988 140.1494 93.77846 88.67723 93.11086 26.19377 17.59464 21.0538 53.94807 325.3476
-9999 -9999 214.1941 330.1406 260.334 534.2173 305.255 249.2061 250.0816 290.2276 364.7257 339.0755 310.0657 111.294 157.5425 238.9934 494.8934 284.4359 196.2765 -9999 -9999 -9999 -9999 -9999 -9999 -9999 -9999 -9999 -9999 -9999 -9999 -9999 -9999 -9999 -9999 -9999 -9999 -9999 -9999 -9999 -9999 -9999 -9999 -9999 129.3726 87.46698 151.1953 169.535 -9999 -9999 -9999 112.7283 36.36647 8.543612 35.41171 95.65329 127.9782 72.16917 69.30666 65.65775 123.0741 145.77 117.6155 118.4654 116.0154 89.18177 96.43428 49.27699 59.8112 8.487448 8.99821 55.8699
-9999 -9999 -9999 1158.369 157.5292 305.2704 336.2572 256.9943 332.2843 445.0273 270.0558 218.5515 253.7771 164.0211 126.5022 215.5863 508.8813 -9999 -9999 -9999 -9999 -9999 -9999 -9999 -9999 -9999 -9999 -9999 -9999 -9999 -9999 -9999 -9999 -9999 -9999 -9999 -9999 -9999 -9999 -9999 -9999 -9999 -9999 -9999 -9999 -9999 -9999 -9999 -9999 -9999 -9999 86.31567 37.86576 11.62353 19.2149 60.03358 130.1724 90.35345 73.36918 94.66742 177.6581 129.4762 115.019 113.898 124.8162 195.5415 108.66 129.7633 74.86684 30.00496 10.45085 23.77231
-9999 -9999 -9999 -9999 204.6778 129.3606 305.2794 310.4694 220.7405 218.9997 194.1744 300.7948 170.3551 310.4993 123.4734 226.0808 392.842 -9999 -9999 -9999 -9999 -9999 -9999 -9999 -9999 -9999 -9999 -9999 -9999 -9999 -9999 -9999 -9999 -9999 -9999 -9999 -9999 -9999 -9999 -9999 -9999 -9999 -9999 82.76196 -9999 -9999 -9999 -9999 -9999 -9999 -9999 40.32581 16.02493 12.45003 28.82843 87.90021 209.5072 292.6278 100.7458 109.356 155.5457 108.576 126.6374 113.2725 103.3872 101.4908 89.73243 68.07803 12.691 37.98038 4.937852 64.48967
-9999 -9999 -9999 -9999 293.2357 191.9158 236.0388 413.3538 334.6896 205.5665 177.4071 213.9398 193.4829 263.2318 152.9991 366.2241 457.3412 -9999 -9999 -9999 -9999 -9999 -9999 -9999 -9999 -9999 -9999 -9999 -9999 -9999 -9999 -9999 -9999 -9999 -9999 -9999 -9999 -9999 -9999 -9999 -9999 -9999 79.34706 -9999 -9999 -9999 -9999 -9999 -9999 -9999 -9999 62.58236 40.01231 14.78361 51.67879 150.2491 298.1347 756.0802 161.6566 74.80546 60.32831 68.41196 69.59222 117.0856 272.6443 41.17064 25.39849 41.33505 6.25521 4.417454 12.12416 107.1677
-9999 -9999 -9999 -9999 -9999 257.8845 137.2255 304.5251 187.608 198.7644 309.3358 305.0176 219.9032 225.7041 326.6093 251.1967 226.9626 -9999 -9999 -9999 -9999 -9999 -9999 -9999 -9999 -9999 -9999 -9999 -9999 -9999 -9999 -9999 -9999 -9999 -9999 -9999 -9999 -9999 -9999 -9999 -9999 30.68516 30.68516 -9999 -9999 -9999 -9999 -9999 -9999 -9999 -9999 143.9246 74.77146 29.17954 54.86927 319.1623 2399.523 4291.611 231.6814 122.4938 103.5859 206.7977 96.38786 97.11777 79.72243 43.37872 22.57502 20.48573 14.58756 36.4748 42.16525 116.2302
-9999 -9999 -9999 -9999 -9999 607.0029 150.9589 188.1106 286.2412 241.2406 1641.565 2576.612 371.5975 316.8608 435.4269 584.1483 4223.958 -9999 -9999 -9999 -9999 -9999 -9999 -9999 -9999 -9999 -9999 -9999 -9999 -9999 -9999 -9999 -9999 -9999 -9999 -9999 -9999 -9999 -9999 -9999 -9999 30.68516 30.68516 -9999 30.68516 -9999 -9999 -9999 -9999 -9999 -9999 -9999 53.50985 34.71117 18.34373 160.516 1011.92 1079.173 396.5986 56.513 165.7985 265.7363 167.1374 274.0291 101.9137 29.49556 28.11915 13.16373 19.18731 4.455696 12.39217 47.86349
-9999 -9999 -9999 -9999 -9999 1307.319 414.2998 186.5713 339.8527 338.4274 615.0055 1082.276 482.7686 646.2877 628.7679 749.1783 2889.646 -9999 -9999 -9999 -9999 -9999 -9999 -9999 -9999 -9999 -9999 -9999 -9999 -9999 -9999 -9999 -9999 -9999 -9999 -9999 -9999 -9999 -9999 -9999 -9999 33.34189 30.68516 -9999 -9999 -9999 -9999 -9999 -9999 -9999 -9999 42.23201 43.39093 87.43076 11.69591 82.16923 270.5284 779.8596 459.0339 218.5345 98.96696 158.6568 103.5562 105.4684 64.92693 85.47018 51.87366 23.04388 32.43679 8.464355 12.45791 156.3011
-9999 -9999 -9999 -9999 -9999 691.4078 667.8087 228.9485 305.1394 841.8821 206.7031 230.0945 487.999 408.7524 582.0121 622.0706 524.9958 -9999 -9999 -9999 -9999 -9999 -9999 -9999 -9999 -9999 -9999 -9999 -9999 -9999 -9999 -9999 -9999 -9999 -9999 -9999 -9999 -9999 -9999 -9999 -9999 51.66232 382.3115 26.39746 -9999 -9999 -9999 -9999 -9999 -9999 -9999 42.23202 42.23201 80.52127 14.33019 64.91184 48.55463 -9999 -9999 -9999 95.3458 48.70158 4.803847 36.59042 53.234 135.386 194.4966 164.3955 72.64501 36.46498 64.8462 103.1839
174.3773 1684.781 -9999 -9999 -9999 -9999 1634.357 854.356 323.9301 236.3721 205.3192 497.9099 895.9592 398.9581 585.6682 1486.622 -9999 -9999 -9999 -9999 -9999 -9999 -9999 -9999 -9999 -9999 -9999 -9999 -9999 -9999 -9999 -9999 -9999 -9999 -9999 -9999 -9999 -9999 -9999 -9999 47.92967 86.52645 382.3116 -9999 -9999 -9999 -9999 -9999 -9999 -9999 42.23201 41.98157 42.13158 26.98789 11.06654 72.84663 -9999 -9999 -9999 -9999 23.73405 64.2926 8.563237 3.903609 52.09375 1066.549 271.0527 190.3844 149.1706 199.5695 130.0112 135.9221
174.3772 1810.557 2108.008 -9999 -9999 -9999 -9999 1721.333 832.9891 523.4529 729.0792 702.0341 514.6878 377.5876 445.476 870.8829 -9999 -9999 -9999 -9999 -9999 -9999 -9999 -9999 -9999 -9999 -9999 -9999 -9999 -9999 -9999 -9999 -9999 -9999 -9999 -9999 -9999 -9999 -9999 -9999 -9999 382.3116 -9999 -9999 -9999 -9999 -9999 -9999 -9999 -9999 -9999 14.60028 21.3435 14.24473 36.04551 92.86878 -9999 -9999 -9999 -9999 -9999 5.025711 9.322025 19.24367 106.7209 472.4341 293.3599 204.6654 438.1342 569.5786 287.3934 140.1203
1912.038 2376.741 -9999 2288.792 -9999 -9999 -9999 2135.795 1257.94 981.7886 697.4428 282.9822 443.49 832.4266 669.7246 765.2822 -9999 -9999 -9999 -9999 -9999 -9999 -9999 -9999 -9999 -9999 -9999 -9999 -9999 -9999 -9999 -9999 -9999 -9999 -9999 -9999 -9999 -9999 -9999 -9999 31.82459 33.42844 -9999 -9999 -9999 -9999 -9999 -9999 -9999 -9999 -9999 36.67444 29.73989 37.6959 63.7446 58.35454 -9999 -9999 -9999 -9999 -9999 -9999 45.87984 143.3771 167.2473 219.8298 554.6981 233.7562 348.7476 4736.789 509.7577 179.5488
2376.741 -9999 -9999 1406.007 -9999 -9999 -9999 -9999 1388.845 419.5702 256.6982 501.6376 482.3422 425.1466 481.2784 427.3502 -9999 -9999 -9999 -9999 -9999 -9999 -9999 -9999 -9999 -9999 -9999 -9999 -9999 -9999 -9999 -9999 -9999 -9999 -9999 -9999 -9999 -9999 -9999 -9999 -9999 -9999 -9999 -9999 -9999 -9999 -9999 -9999 -9999 -9999 -9999 82.85168 82.85168 87.03619 125.5962 92.48199 -9999 -9999 -9999 -9999 -9999 48.17885 48.17885 159.583 232.2847 189.5262 587.4181 962.9138 774.2038 562.9233 1707.812 269.3379
