src/python_cli_app_template/geodata/gpw_v4_population_density_rev11_2020_30_min.asc
ncols         720
nrows         360
xllcorner     -180
yllcorner     -90
cellsize      0.5
NODATA_value  -9999
[rows 96 to 127 of 360, columns 576 to 647 of 720]
8.470348 6.977149 1.15189 12.45285 18.87131 10.78196 11.17276 29.3409 17.59797 17.34922 53.93613 55.64193 57.72917 67.57335 40.72425 63.66835 23.55869 15.71789 37.9623 108.8159 50.15931 88.89558 170.9738 71.41313 302.486 148.3122 153.8632 374.0253 252.5864 258.0404 2781.38 867.6641 83.30637 53.73268 52.35562 240.0886 236.6725 106.3306 33.75196 10.17227 22.89124 43.79288 55.94664 243.6913 435.5237 -9999 -9999 -9999 -9999 -9999 -9999 -9999 -9999 -9999 -9999 -9999 -9999 -9999 -9999 -9999 -9999 -9999 28.28111 27.29183 24.59334 239.8825 393.6042 -9999 -9999 -9999 18.19761 -9999
81.1163 32.9141 12.90953 20.54808 34.35149 17.27635 37.77926 35.04094 22.9053 36.51486 183.27 65.00854 55.71148 104.597 35.63109 25.30008 16.77772 83.5304 59.3258 139.9087 72.36648 124.9748 209.1851 196.6674 131.447 158.612 633.2104 229.9446 569.1172 724.0664 891.3254 542.4252 107.3051 45.73494 117.8826 53.32166 103.2115 78.94339 39.12751 30.25229 148.68 71.40348 82.98515 66.19949 -9999 -9999 -9999 -9999 -9999 -9999 -9999 -9999 -9999 -9999 -9999 -9999 -9999 -9999 -9999 -9999 -9999 -9999 28.28111 28.28111 55.10582 46.25585 46.19964 -9999 -9999 -9999 -9999 -9999
20.78168 72.17627 26.30156 811.0215 307.874 84.27128 137.5392 1008.008 64.46365 56.78398 73.46294 57.8835 92.94067 443.1779 259.661 98.64394 65.33241 45.47397 118.0938 280.1256 161.8489 143.9114 102.4292 179.4558 131.3279 564.3564 171.4319 92.64592 718.4715 588.1847 89.54682 77.66651 56.72203 106.8903 48.1715 63.71005 78.99032 155.5837 25.40151 27.63873 41.03417 120.7365 215.9385 151.2591 -9999 -9999 -9999 -9999 -9999 -9999 -9999 -9999 -9999 -9999 -9999 -9999 -9999 -9999 -9999 -9999 -9999 -9999 -9999 18.16482 145.026 203.6625 131.3798 712.6642 -9999 -9999 -9999 -9999
3.040704 11.39932 10.58683 63.28498 104.3053 46.77367 121.5049 72.9308 34.34343 70.41792 835.195 173.9995 158.6998 86.90501 210.2036 205.2695 1944.528 1098.558 471.3125 371.7968 275.0055 348.9861 159.6385 184.1973 306.9975 297.0718 -9999 378.8463 563.931 113.0909 145.5254 111.0057 671.7879 183.6282 104.9001 74.57995 138.9661 29.34443 63.89427 149.7503 207.369 199.8374 172.1184 -9999 -9999 -9999 -9999 -9999 -9999 -9999 -9999 -9999 -9999 -9999 -9999 -9999 -9999 -9999 -9999 -9999 -9999 -9999 -9999 49.76657 55.50109 52.6458 81.27969 90.28764 -9999 -9999 -9999 -9999
10.28722 14.43129 43.86371 239.1325 155.882 49.70928 121.3122 35.08948 95.10957 186.1779 295.0246 157.5145 136.3451 138.875 56.03312 381.4963 6806.852 1971.267 845.2325 542.5867 1261.1 605.6254 536.2613 3824.313 -9999 -9999 305.2145 298.6905 259.1051 251.016 329.1426 302.226 602.1 252.732 317.3171 361.0851 314.1923 45.67837 182.1486 975.0812 675.1052 -9999 -9999 -9999 -9999 -9999 -9999 -9999 -9999 -9999 -9999 -9999 -9999 -9999 -9999 -9999 -9999 -9999 -9999 -9999 -9999 -9999 -9999 117.4899 174.8216 32.98373 176.1087 30.76171 43.60577 -9999 -9999 -9999
6.19706 6.987756 12.09575 38.00275 73.5128 65.30508 171.9187 49.62763 267.5804 151.7119 153.4609 75.89881 103.2694 123.7069 258.382 873.0044 733.6022 646.9109 3903.896 1259.727 398.2251 512.3877 276.6621 -9999 -9999 -9999 286.8282 1058.806 377.831 732.6851 415.6384 -9999 -9999 230.9353 432.9113 1186.704 292.5923 94.91903 362.4211 208.7805 168.2641 -9999 -9999 -9999 -9999 -9999 -9999 -9999 -9999 -9999 -9999 -9999 -9999 -9999 -9999 -9999 -9999 -9999 -9999 -9999 -9999 -9999 -9999 87.44405 78.60571 87.1361 98.42219 66.96816 64.71943 -9999 -9999 -9999
3.771535 26.55316 15.08973 23.46739 50.57577 93.68073 90.89447 68.35035 81.51284 237.7951 157.1665 43.0095 153.4648 598.8209 990.8181 974.1364 734.9417 585.4355 744.5823 2812.212 -9999 256.1709 -9999 -9999 -9999 410.0653 1012.103 9228.129 -9999 -9999 -9999 -9999 -9999 276.4132 494.2799 783.664 150.7071 114.3602 91.09129 89.93284 72.1622 -9999 -9999 -9999 -9999 -9999 -9999 -9999 -9999 -9999 -9999 -9999 -9999 -9999 -9999 -9999 -9999 -9999 -9999 -9999 -9999 -9999 -9999 110.4228 69.50636 93.04929 146.3525 198.6423 -9999 -9999 -9999 -9999
3.204376 14.32218 47.17932 204.9547 55.9016 56.28692 86.40539 149.7578 40.94625 262.2829 134.6765 119.3272 1250.515 1542.422 788.3934 591.7754 588.0276 741.3048 381.5163 233.108 37.93538 26.82705 -9999 -9999 -9999 626.695 -9999 -9999 -9999 -9999 -9999 -9999 -9999 261.6903 279.6889 365.3364 198.5444 137.6637 87.62763 55.28244 41.75682 147.0994 -9999 -9999 -9999 -9999 -9999 -9999 -9999 -9999 -9999 -9999 -9999 -9999 -9999 -9999 -9999 -9999 -9999 -9999 70.0039 70.0039 94.71171 48.11092 218.2094 634.3216 446.8715 278.9495 -9999 -9999 -9999 -9999
26.51206 107.8291 56.76743 70.5686 167.9274 215.7923 243.6268 51.81965 574.1895 1789.097 205.3261 406.2825 369.7561 955.5626 609.9247 573.5909 486.1284 509.3092 607.5009 401.4748 259.3419 190.2501 26.8681 -9999 820.1203 562.1108 2206.596 14701.55 9574.649 -9999 -9999 -9999 -9999 94.04527 239.7771 235.621 286.1363 3110.236 2433.677 140.0046 27.00829 108.7555 325.5583 -9999 -9999 78.14223 -9999 -9999 -9999 -9999 -9999 -9999 -9999 -9999 -9999 -9999 -9999 69.44046 65.23899 -9999 70.00391 613.3315 319.702 69.36469 192.4805 147.7338 162.4578 -9999 -9999 -9999 -9999 -9999
30.49154 24.70811 36.0561 118.2737 95.95981 168.358 114.5241 542.5017 533.8574 164.9773 65.00703 105.1813 407.7484 813.0262 607.9607 579.7993 675.2805 495.2965 503.4209 518.7153 715.2578 446.2928 326.3222 728.2215 368.6957 344.1584 437.0373 363.8923 535.5121 484.4592 -9999 -9999 -9999 -9999 -9999 75.16722 413.2339 5159.22 2440.008 243.9778 93.70376 43.27996 71.03955 -9999 -9999 78.14223 -9999 58.9802 -9999 -9999 -9999 -9999 -9999 -9999 -9999 -9999 -9999 98.38114 78.29513 60.90245 175.454 175.9707 46.46258 67.06521 231.331 152.1536 133.6395 -9999 -9999 -9999 -9999 -9999
51.20296 49.91092 129.9657 105.7686 80.71423 80.81088 79.54044 297.8808 70.4548 145.4196 133.7755 236.4129 998.2618 1048.594 659.168 726.2325 550.4525 1188.341 1370.052 1013.716 1077.334 832.9622 990.2853 507.8961 464.8337 585.7953 391.2217 561.2065 569.499 599.0414 -9999 -9999 -9999 -9999 -9999 79.77872 158.3692 284.2743 774.187 170.1022 72.25447 83.99573 27.14719 -9999 -9999 -9999 -9999 -9999 -9999 -9999 -9999 -9999 -9999 -9999 -9999 -9999 145.7717 453.8185 330.8571 102.7071 227.5619 51.56778 117.8747 307.7338 140.8467 308.5409 -9999 -9999 -9999 -9999 -9999 -9999
18.1808 8.89366 71.17937 42.80701 44.53978 79.46031 240.0981 598.0037 63.84811 259.2183 678.5058 269.7404 1192.026 919.3686 762.4079 884.268 600.3043 525.5826 752.5278 664.5901 345.0114 376.8086 601.8839 605.6688 2545.156 507.5837 532.1221 -9999 -9999 -9999 -9999 -9999 -9999 -9999 -9999 534.7405 113.3842 152.2078 838.7242 74.08971 245.9759 77.07513 174.4131 593.4712 -9999 -9999 -9999 -9999 -9999 50.31644 57.89078 -9999 -9999 -9999 -9999 478.8134 330.498 179.9637 74.25253 178.6967 223.1155 233.4095 845.8635 850.9429 507.0648 788.6988 -9999 -9999 -9999 -9999 -9999 -9999
76.20107 10.90125 137.6911 51.92377 50.91388 352.1684 516.5551 323.4959 102.8637 418.5981 251.1194 207.808 722.469 745.6667 906.8555 741.481 765.2829 810.5795 610.2712 629.2709 296.4858 609.682 444.6104 474.3114 2973.829 1065.943 -9999 -9999 -9999 -9999 -9999 -9999 -9999 -9999 -9999 -9999 306.7191 218.7849 344.0661 46.2306 154.4475 1036.799 557.6797 563.511 -9999 -9999 -9999 -9999 -9999 395.3066 649.7745 148.4536 133.3592 98.50171 137.3443 99.47571 170.6137 100.874 64.77606 85.59096 141.2574 226.5582 2266.918 9228.541 1562.982 564.4213 -9999 -9999 -9999 -9999 -9999 -9999
249.925 68.74307 236.233 295.5325 349.7308 531.9459 425.35 128.9838 171.6513 613.0029 899.9423 1141.534 646.7258 737.8308 798.3245 679.2469 800.9887 1090.992 744.0485 471.1431 919.3169 536.5983 595.526 2884.843 -9999 -9999 -9999 -9999 -9999 -9999 -9999 -9999 -9999 -9999 -9999 43.59653 82.91487 697.9833 99.04454 106.4589 239.233 1112.158 2743.02 -9999 -9999 -9999 -9999 -9999 77.24436 128.2702 144.4863 84.88831 126.202 124.2351 140.7244 722.8741 382.5176 2150.513 787.4968 174.282 254.8053 498.5931 2110.75 2998.317 442.7211 -9999 -9999 -9999 -9999 -9999 -9999 -9999
294.2578 491.5645 750.7556 513.2434 404.1033 425.994 367.1949 308.1201 1100.822 971.0705 939.9567 2526.928 823.827 665.7662 583.5336 642.7679 613.1686 758.8139 776.1581 665.4668 872.048 572.4113 839.5809 74.56916 -9999 -9999 -9999 -9999 -9999 -9999 -9999 -9999 -9999 -9999 35.7704 35.7704 309.6835 70.84898 97.61295 303.1471 282.1845 716.1258 43.58736 -9999 -9999 -9999 50.57573 56.68655 156.4147 154.5211 182.0962 487.455 252.4804 1062.567 3116.914 2994.281 320.3232 1101.857 1096.707 506.8604 572.9608 162.8235 260.4562 364.8437 -9999 -9999 -9999 -9999 -9999 -9999 -9999 -9999
841.7277 2798.035 920.7064 258.464 166.477 102.8164 109.2056 199.1669 510.5081 621.2101 756.4061 1125.457 712.8314 638.6571 714.3513 767.6157 606.2089 686.6508 1038.153 575.822 572.1327 595.2181 565.4494 422.5182 274.9755 -9999 -9999 -9999 -9999 -9999 -9999 -9999 -9999 -9999 35.7704 45.41782 47.38583 66.89883 121.4392 278.5189 -9999 -9999 43.58736 -9999 800.9434 365.5169 204.7895 190.8645 436.2945 549.864 494.8011 454.1115 430.6787 472.3644 895.8764 286.6017 88.15994 241.7224 -9999 -9999 -9999 -9999 98.64339 51.59255 -9999 -9999 -9999 -9999 -9999 -9999 -9999 -9999
15.40942 55.23244 80.24264 170.8517 157.575 94.9341 96.36689 115.35 89.41428 357.0647 1012.643 855.541 809.4622 787.7308 650.8097 595.9733 572.9241 989.6686 393.4551 574.4084 657.2268 577.3912 850.912 504.2974 374.8403 26.68168 -9999 -9999 -9999 -9999 -9999 -9999 -9999 -9999 -9999 -9999 275.9954 271.2384 -9999 -9999 -9999 -9999 -9999 205.2055 2752.315 926.5322 280.8684 177.5884 206.4055 362.9248 180.0496 143.8664 36.07059 305.4624 110.2504 62.24265 72.20381 -9999 -9999 -9999 -9999 109.2008 -9999 17.86004 -9999 -9999 -9999 -9999 -9999 -9999 -9999 -9999
65.92398 40.19257 100.0481 111.8254 110.0732 75.00302 225.7439 269.1919 399.8305 608.2448 341.9893 514.3853 669.6652 736.7224 872.8224 681.2601 537.4965 450.375 354.7907 378.1427 363.2273 389.0818 494.6428 464.3739 674.1226 149.3259 -9999 -9999 -9999 -9999 -9999 -9999 -9999 -9999 -9999 -9999 303.375 316.0525 -9999 -9999 -9999 95.40354 168.1742 301.66 624.8875 318.1675 149.1353 412.8239 150.5404 72.18308 79.66336 294.6898 54.85985 -9999 -9999 126.8889 -9999 -9999 -9999 -9999 -9999 -9999 -9999 120.4111 -9999 -9999 -9999 -9999 -9999 -9999 -9999 -9999
127.0232 241.1941 247.3471 107.1709 120.2145 433.0191 139.1387 428.3192 806.1371 752.7858 391.72 186.8473 532.77 496.7623 592.2047 788.8102 572.8231 839.308 992.085 324.7827 223.2875 292.8419 483.0376 531.6191 714.8967 304.8648 552.3975 -9999 -9999 -9999 -9999 -9999 -9999 -9999 -9999 -9999 -9999 -9999 -9999 -9999 -9999 87.22301 92.24204 777.6221 346.1086 528.6775 43.4963 109.3684 87.82629 59.87338 54.73459 -9999 -9999 -9999 -9999 -9999 -9999 -9999 -9999 -9999 -9999 -9999 -9999 -9999 -9999 -9999 -9999 -9999 -9999 -9999 -9999 -9999
114.9174 80.94003 66.71623 148.4808 111.7887 110.0622 89.95657 367.754 767.8984 394.1631 135.5725 179.8822 405.4895 367.2374 377.5041 396.6362 349.4618 321.0498 358.5278 234.0609 380.6606 2767.897 1192.473 1147.036 844.7095 968.8535 650.9383 989.0402 -9999 -9999 -9999 -9999 -9999 -9999 -9999 -9999 -9999 -9999 -9999 -9999 86.95604 -9999 -9999 124.3742 134.4029 85.44296 74.97699 180.6954 -9999 -9999 -9999 -9999 -9999 -9999 -9999 -9999 -9999 -9999 -9999 -9999 -9999 -9999 -9999 34.2577 -9999 -9999 -9999 -9999 -9999 -9999 -9999 -9999
105.2684 64.35694 27.08902 43.00276 20.76927 40.54883 77.92772 151.5805 298.722 126.2804 297.3396 211.6845 232.44 234.7076 215.3305 207.3636 407.3052 389.0443 2147.374 482.5123 499.7755 1138.372 544.1601 1770.164 2807.948 1726.174 818.7278 674.4927 -9999 -9999 -9999 -9999 -9999 -9999 -9999 -9999 -9999 -9999 -9999 -9999 86.95604 -9999 -9999 138.6246 271.9365 270.2572 263.5978 -9999 -9999 -9999 -9999 -9999 -9999 -9999 -9999 -9999 -9999 -9999 -9999 -9999 -9999 -9999 -9999 34.2577 -9999 -9999 -9999 -9999 -9999 -9999 -9999 -9999
360.9228 200.1445 153.8762 265.0834 81.29383 81.16732 63.9597 105.219 255.1228 203.1395 159.9726 558.2449 309.2198 280.7371 169.447 99.94417 121.469 317.4418 438.4507 461.2764 878.6336 483.0475 415.1915 773.7849 1312.555 3053.375 7887.015 6123.738 290.3901 -9999 -9999 -9999 -9999 -9999 -9999 -9999 -9999 -9999 -9999 -9999 -9999 -9999 130.0266 138.6246 178.887 188.0749 76.88599 -9999 -9999 -9999 -9999 -9999 -9999 -9999 -9999 -9999 -9999 -9999 -9999 -9999 -9999 -9999 -9999 -9999 0 -9999 -9999 -9999 -9999 -9999 -9999 -9999
473.763 274.3449 114.2576 144.3236 111.7162 144.1433 476.4157 222.6284 268.8249 327.4058 420.8019 793.6451 3324.278 622.3466 329.5307 201.5163 176.2115 421.497 741.3065 470.0002 235.7873 271.1223 195.8054 392.0652 970.9637 1602.43 1995.977 1378.88 1224.469 731.3968 -9999 -9999 -9999 -9999 -9999 -9999 -9999 -9999 -9999 -9999 -9999 -9999 130.0265 11.86064 11.86064 66.25215 75.02354 -9999 -9999 -9999 -9999 -9999 -9999 -9999 -9999 -9999 -9999 -9999 -9999 -9999 -9999 -9999 -9999 -9999 -9999 -9999 -9999 -9999 -9999 -9999 -9999 -9999
209.1689 133.785 183.6566 116.9542 75.6543 81.72406 193.5879 411.2371 634.9908 379.5287 445.6508 324.8262 872.2271 798.4909 690.815 287.0634 376.0227 405.2512 141.4719 60.03902 106.1829 107.2098 119.0917 545.7016 3189.455 1274.854 1712.06 990.0027 958.3665 235.4696 -9999 -9999 -9999 -9999 -9999 -9999 -9999 -9999 -9999 -9999 -9999 -9999 -9999 5.737973 23.52966 33.93665 -9999 -9999 -9999 -9999 -9999 -9999 -9999 -9999 -9999 -9999 -9999 -9999 -9999 -9999 -9999 -9999 -9999 -9999 -9999 -9999 -9999 -9999 -9999 -9999 -9999 -9999
106.7855 136.9871 141.1768 65.50615 78.25431 86.77353 213.3235 469.4493 383.8466 406.5663 343.1647 322.0298 287.7948 206.5613 281.2324 733.3544 428.755 174.1774 62.63495 94.9035 257.6126 122.8176 137.4199 322.4767 596.273 617.8247 607.9016 1885.22 1035.948 307.097 -9999 -9999 -9999 -9999 -9999 -9999 -9999 -9999 -9999 -9999 -9999 -9999 -9999 5.737973 -9999 -9999 -9999 -9999 -9999 -9999 -9999 -9999 -9999 -9999 -9999 -9999 -9999 -9999 -9999 -9999 -9999 -9999 -9999 -9999 -9999 -9999 -9999 -9999 -9999 -9999 -9999 -9999
140.2286 105.8437 160.916 125.4888 217.6175 137.3134 222.8802 563.8224 520.7292 315.2163 740.3646 263.8991 160.1828 128.01 125.7611 282.0912 441.7564 400.6476 380.8099 136.5749 104.775 123.3547 424.2626 723.0598 883.1985 231.2905 424.0723 437.1043 1009.209 -9999 -9999 -9999 -9999 -9999 -9999 -9999 -9999 -9999 -9999 -9999 -9999 -9999 5.737973 5.737973 -9999 -9999 -9999 -9999 -9999 -9999 -9999 -9999 -9999 -9999 -9999 -9999 -9999 -9999 -9999 -9999 -9999 -9999 -9999 -9999 -9999 47.64481 -9999 -9999 -9999 -9999 -9999 -9999
119.692 140.3419 155.0296 149.23 77.8177 79.37095 164.1952 372.0841 652.8293 482.8377 385.1812 264.1607 103.8317 106.6302 201.3735 1565.511 406.0063 530.6577 372.8786 207.8933 355.4448 391.1079 150.6194 231.4523 372.6919 174.5647 1095.785 827.5765 943.5704 -9999 -9999 -9999 -9999 -9999 -9999 -9999 -9999 -9999 -9999 -9999 -9999 5.737973 5.737973 140.9193 -9999 -9999 -9999 -9999 -9999 -9999 -9999 -9999 -9999 -9999 -9999 -9999 -9999 -9999 -9999 -9999 -9999 -9999 -9999 -9999 -9999 -9999 -9999 -9999 -9999 -9999 -9999 -9999
194.0621 169.2647 206.3815 217.3209 209.8245 120.1859 171.5816 230.2906 396.6281 1353.953 924.1353 293.2708 251.2619 228.9808 374.4737 647.0319 552.573 374.6205 376.6357 435.2736 392.9989 39.0188 98.30864 210.8289 195.529 1278.985 1442.953 1268.499 -9999 -9999 -9999 -9999 -9999 -9999 -9999 -9999 -9999 -9999 -9999 -9999 -9999 -9999 61.97287 113.7293 129.5615 -9999 -9999 -9999 -9999 -9999 -9999 -9999 -9999 -9999 -9999 -9999 -9999 -9999 -9999 -9999 -9999 -9999 -9999 -9999 -9999 -9999 -9999 -9999 -9999 -9999 -9999 -9999
202.363 87.31225 190.9396 364.3201 195.3662 216.6933 450.7425 567.8489 416.4061 750.4313 776.025 759.2034 422.2715 378.7209 306.112 202.379 402.5677 215.0833 70.67793 41.14286 95.17661 104.8566 56.66057 95.27783 445.8393 3386.664 919.0428 -9999 -9999 -9999 -9999 -9999 -9999 -9999 -9999 -9999 -9999 -9999 -9999 -9999 -9999 94.43163 104.7914 -9999 -9999 -9999 -9999 -9999 -9999 -9999 -9999 -9999 -9999 -9999 -9999 -9999 -9999 -9999 -9999 -9999 -9999 -9999 -9999 -9999 -9999 -9999 -9999 -9999 -9999 -9999 -9999 -9999
92.85747 121.8915 144.4216 217.5149 158.7895 377.1762 633.9526 535.6788 449.0091 389.4416 278.2376 186.8036 172.9363 326.562 321.9499 164.268 104.5072 174.8051 80.10038 79.91049 141.1392 86.67107 86.08768 216.2148 381.5959 1147.472 102.1902 -9999 -9999 -9999 -9999 -9999 -9999 -9999 -9999 -9999 -9999 -9999 -9999 61.67625 224.8744 138.2716 -9999 -9999 -9999 -9999 -9999 -9999 -9999 -9999 -9999 -9999 -9999 -9999 -9999 -9999 -9999 -9999 -9999 -9999 -9999 -9999 -9999 -9999 -9999 47.6448 -9999 -9999 -9999 -9999 -9999 -9999
135.9266 81.57978 105.0813 162.753 151.3703 385.716 304.8254 417.3053 526.2787 761.3223 324.6895 232.7108 148.6008 226.4676 143.771 132.5791 161.7361 69.44947 72.53008 90.85735 181.5372 114.6706 102.0428 365.7593 298.6743 97.44819 -9999 -9999 -9999 -9999 -9999 -9999 -9999 -9999 -9999 -9999 -9999 133.4399 108.0192 243.4882 107.6406 -9999 -9999 -9999 -9999 -9999 -9999 -9999 -9999 -9999 -9999 -9999 -9999 -9999 -9999 -9999 -9999 -9999 -9999 -9999 -9999 -9999 -9999 -9999 -9999 -9999 -9999 -9999 47.64481 -9999 -9999 -9999
73.19074 68.00716 82.42443 85.33443 68.40375 121.4211 212.1853 317.6263 280.0786 466.2248 243.1618 99.11521 138.9706 220.9776 314.395 279.6165 226.1948 104.3579 76.97514 219.5041 105.4047 137.1869 1320.933 797.4759 363.1473 464.0207 -9999 -9999 -9999 -9999 -9999 -9999 -9999 -9999 -9999 -9999 -9999 133.4399 45.53419 2085.711 831.3398 -9999 26.95927 -9999 -9999 -9999 -9999 -9999 -9999 -9999 -9999 -9999 -9999 -9999 -9999 -9999 -9999 -9999 -9999 -9999 -9999 -9999 -9999 -9999 -9999 -9999 -9999 -9999 -9999 -9999 -9999 -9999
