src/python_cli_app_template/geodata/gpw_v4_population_density_rev11_2020_30_min.asc
ncols         720
nrows         360
xllcorner     -180
yllcorner     -90
cellsize      0.5
NODATA_value  -9999
[rows 32 to 63 of 360, columns 432 to 503 of 720]
-9999 -9999 -9999 -9999 -9999 -9999 -9999 -9999 -9999 -9999 -9999 -9999 -9999 -9999 -9999 -9999 -9999 -9999 -9999 -9999 -9999 -9999 -9999 -9999 -9999 -9999 -9999 -9999 -9999 -9999 -9999 -9999 -9999 -9999 -9999 0.03607879 0.03607879 0.03607879 0.03607879 0.03607879 0.03607879 0.03607879 0.03607879 0.03607879 0.03607879 -9999 -9999 -9999 -9999 -9999 -9999 -9999 -9999 -9999 -9999 -9999 -9999 -9999 -9999 -9999 -9999 -9999 -9999 -9999 -9999 -9999 -9999 -9999 -9999 -9999 -9999 -9999
-9999 -9999 -9999 -9999 -9999 -9999 -9999 -9999 -9999 -9999 -9999 -9999 -9999 -9999 -9999 -9999 -9999 -9999 -9999 -9999 -9999 -9999 -9999 -9999 -9999 -9999 -9999 -9999 -9999 -9999 -9999 -9999 -9999 -9999 0.03607879 0.03607879 0.03607879 0.03607878 0.03607879 0.03607879 0.03607879 0.03607879 0.03607879 -9999 -9999 -9999 -9999 -9999 -9999 -9999 -9999 -9999 -9999 -9999 -9999 -9999 -9999 -9999 -9999 -9999 -9999 -9999 -9999 -9999 -9999 -9999 -9999 0.884192 0.884192 0.884192 0.884192 0.884192
-9999 -9999 -9999 -9999 -9999 -9999 -9999 -9999 -9999 -9999 -9999 -9999 -9999 -9999 -9999 -9999 -9999 -9999 -9999 -9999 -9999 -9999 -9999 -9999 -9999 -9999 -9999 -9999 -9999 -9999 -9999 -9999 0.03607879 0.03607879 0.03607879 0.03607879 0.03607879 0.03607879 0.03607879 0.03607879 0.03607879 -9999 -9999 -9999 -9999 -9999 -9999 -9999 -9999 -9999 -9999 -9999 -9999 -9999 -9999 -9999 -9999 -9999 -9999 -9999 -9999 -9999 -9999 -9999 -9999 0.884192 0.884192 0.884192 0.884192 0.884192 0.8841921 0.8841921
-9999 -9999 -9999 -9999 -9999 -9999 -9999 -9999 -9999 -9999 -9999 -9999 -9999 -9999 -9999 -9999 -9999 -9999 -9999 -9999 -9999 -9999 -9999 -9999 -9999 -9999 -9999 -9999 -9999 -9999 -9999 0.03607879 0.03607878 0.03607879 0.03607879 0.03607879 0.03607879 0.03607879 0.03607879 0.03607875 -9999 -9999 -9999 -9999 -9999 -9999 -9999 -9999 -9999 -9999 -9999 -9999 -9999 -9999 -9999 -9999 -9999 -9999 -9999 -9999 -9999 -9999 -9999 -9999 -9999 0.8841921 0.8841921 0.8841921 0.8841921 0.884192 0.884192 0.8841921
-9999 -9999 -9999 -9999 -9999 -9999 -9999 -9999 -9999 -9999 -9999 -9999 -9999 -9999 -9999 -9999 -9999 -9999 -9999 -9999 -9999 -9999 -9999 -9999 -9999 -9999 -9999 -9999 -9999 -9999 0.03607879 0.03607879 0.03607879 0.03607879 0.03607879 0.03607879 0.03607879 0.03607879 0.03607879 0.03607879 -9999 -9999 -9999 -9999 -9999 -9999 -9999 -9999 -9999 -9999 -9999 -9999 -9999 -9999 -9999 -9999 -9999 -9999 -9999 -9999 -9999 -9999 -9999 0.884192 0.884192 0.8841921 0.8841921 0.884192 0.884192 0.8841921 0.884192 0.884192
-9999 -9999 -9999 -9999 -9999 -9999 -9999 -9999 -9999 -9999 -9999 -9999 -9999 -9999 -9999 -9999 -9999 -9999 -9999 -9999 -9999 -9999 -9999 -9999 -9999 -9999 -9999 -9999 -9999 -9999 -9999 0.03607878 0.03607879 0.03607879 0.03607878 0.03607879 0.03607879 0.03607879 0.03607879 0.03607879 0.03607879 0.03607879 -9999 -9999 -9999 -9999 -9999 -9999 -9999 -9999 -9999 -9999 -9999 -9999 -9999 -9999 -9999 -9999 -9999 -9999 -9999 0.8841921 0.884192 0.884192 0.884192 0.884192 0.884192 0.884192 0.8841921 0.884192 0.8841921 0.884192
-9999 -9999 -9999 -9999 -9999 -9999 -9999 -9999 -9999 -9999 -9999 -9999 -9999 -9999 -9999 -9999 -9999 -9999 -9999 -9999 -9999 -9999 -9999 -9999 -9999 -9999 -9999 -9999 -9999 -9999 -9999 -9999 -9999 0.03607879 0.03607879 0.03607879 0.03607879 0.03607879 0.03607879 0.03607879 0.03607879 0.03607878 0.03607879 0.03607879 -9999 -9999 -9999 -9999 -9999 -9999 -9999 -9999 -9999 -9999 -9999 -9999 -9999 -9999 -9999 -9999 0.884192 0.884192 0.884192 0.884192 0.884192 0.884192 0.884192 0.884192 0.884192 0.884192 0.8841921 0.884192
-9999 -9999 -9999 -9999 -9999 -9999 -9999 -9999 -9999 -9999 -9999 -9999 -9999 -9999 -9999 -9999 -9999 -9999 -9999 -9999 -9999 -9999 -9999 -9999 -9999 -9999 -9999 -9999 -9999 -9999 -9999 -9999 -9999 -9999 -9999 -9999 -9999 -9999 -9999 -9999 0.03607879 0.03607879 0.03607878 -9999 0.1116293 0.1116293 0.1116293 0.1116293 0.1116293 -9999 -9999 -9999 -9999 -9999 -9999 -9999 -9999 -9999 -9999 -9999 -9999 0.8841921 0.884192 0.884192 0.8841921 0.884192 0.884192 0.8841921 0.8841921 0.8841921 0.884192 0.884192
-9999 -9999 -9999 -9999 -9999 -9999 -9999 -9999 -9999 -9999 -9999 -9999 -9999 -9999 -9999 -9999 -9999 -9999 -9999 -9999 -9999 -9999 -9999 -9999 -9999 0.1116293 0.1116293 -9999 -9999 -9999 -9999 -9999 -9999 -9999 -9999 -9999 -9999 -9999 -9999 -9999 -9999 -9999 -9999 -9999 -9999 0.1116293 0.1116293 0.1116293 0.1116293 0.1116293 0.1116293 0.1116293 0.1116293 0.1116293 0.1116293 0.1116293 0.1116293 -9999 -9999 -9999 -9999 0.8841921 0.884192 0.884192 0.884192 0.884192 0.884192 0.8841921 0.884192 0.884192 0.884192 0.884192
1.374794 0.2009147 -9999 -9999 -9999 -9999 -9999 -9999 -9999 -9999 -9999 -9999 -9999 -9999 -9999 -9999 -9999 -9999 -9999 -9999 -9999 -9999 -9999 -9999 0.1116293 0.1116293 0.1116293 0.1116293 0.1116293 -9999 -9999 -9999 -9999 -9999 -9999 -9999 -9999 -9999 -9999 -9999 -9999 -9999 -9999 -9999 0.1116293 0.1116293 0.1116293 0.1116293 0.1116293 0.1116293 0.1116293 0.1116293 0.1116293 0.1116293 0.1116293 0.1116293 0.1116293 0.4067132 0.8646653 0.8841921 0.884192 0.8841921 0.884192 0.884192 0.884192 0.884192 0.8841921 0.884192 0.884192 0.884192 0.884192 0.884192
0.4182249 0.2009147 0.2009147 0.2009147 0.2009147 -9999 -9999 -9999 -9999 -9999 -9999 -9999 -9999 -9999 0.1116293 0.1116293 0.1116293 0.1116293 0.1116293 0.1116293 -9999 -9999 -9999 -9999 0.1116293 0.1116293 0.1116293 0.1116293 0.1116293 -9999 -9999 0.1116293 0.1116293 0.1116293 0.1116293 0.1116293 0.1116293 0.1116293 0.1116293 0.1116293 0.1116293 0.1116293 0.1116293 0.1116293 0.1116293 0.1116293 0.1116293 0.1116293 0.1116293 0.1116293 0.1116293 0.1116293 0.1116293 0.1116293 0.1116293 0.1116293 0.1116293 0.2901415 0.444132 0.842337 0.8841921 0.884192 0.884192 0.8841921 0.884192 0.884192 0.884192 0.884192 0.884192 0.884192 0.884192 0.884192
0.2009147 0.2009147 0.2009147 0.2009147 0.2266468 0.2010711 1.289173 4.520471 -9999 -9999 -9999 -9999 -9999 -9999 -9999 0.1116293 0.1116293 0.1116293 0.1116293 0.1116293 0.1116293 0.1116293 -9999 -9999 -9999 -9999 -9999 0.1116293 0.1116293 0.1116293 0.1116293 0.1116293 0.1116293 0.1116293 0.1116293 0.1116293 0.1116293 0.1116293 0.1116293 0.1116293 0.1116293 0.1116293 0.1116293 0.1116293 0.1116293 0.1116293 0.1116293 0.1116293 0.1116293 0.1116293 0.1116293 0.1116293 0.1116293 0.1116293 0.1116293 0.1923952 1.039732 2.846067 2.406067 0.8760642 0.884192 0.884192 0.884192 0.884192 0.884192 0.884192 0.884192 0.884192 0.884192 0.884192 0.884192 0.884192
0.2009147 0.2009147 0.2009147 0.2009147 0.2009147 0.2009147 0.3215887 0.6039777 0.4940551 0.3724579 0.2009147 -9999 -9999 -9999 -9999 0.1116293 0.1116293 0.1116293 0.1116293 0.1116293 0.1116293 0.1116293 -9999 0.1116293 0.1116293 0.1116293 0.1116293 0.1116293 0.1116293 0.1116293 0.1116293 0.1116293 0.1116293 3.19563 18.5898 0.1116293 0.1116293 0.1116293 0.1116293 0.1116293 0.1116293 0.1116293 0.1116293 0.1116293 0.1116293 0.1116293 0.1116293 0.1116293 0.1116293 0.1116293 0.1116293 0.1116293 0.1116293 0.2610797 1.627888 2.439375 3.83224 3.83224 3.695 3.213293 1.396524 0.8841921 0.884192 0.884192 0.8841921 0.8841921 0.884192 0.8841921 0.884192 0.884192 0.8841921 0.8841921
0.2009147 0.2009147 0.2009147 0.2009147 0.2009147 0.2009147 0.2009147 0.2009147 0.2009147 0.2009147 0.2511627 -9999 -9999 -9999 -9999 0.1116293 0.1116293 0.1116293 0.1116293 0.1116293 -9999 -9999 -9999 0.1116293 0.1116293 0.1116293 0.1116293 0.1116293 0.1116293 0.1116293 0.1116293 0.112157 0.131699 0.1320326 0.1240442 0.1165592 0.1125676 0.1125693 0.112591 0.1125982 0.1126298 0.1126613 0.1127366 0.1126661 0.1127712 0.1127298 0.1124725 0.1124145 0.1125344 0.1127698 0.1132166 0.6707317 1.825206 2.900928 3.83224 3.83224 3.83224 3.83224 3.05986 1.758555 0.9431968 0.884192 0.884192 0.884192 0.884192 0.8841921 0.8841921 0.884192 0.884192 0.884192 0.884192 0.8841921
0.2873383 0.2790184 0.2657836 0.2618003 0.2292514 0.2172958 0.2213072 0.2250123 0.2044682 0.2009147 0.2016715 -9999 0.2796052 0.2796052 -9999 -9999 0.1116293 0.1116293 0.1116293 0.1116293 0.1116293 0.1116293 0.1116293 0.1116293 0.1116293 0.1116293 0.1116293 0.1116293 0.1117993 0.1361485 0.1772458 0.2568773 0.272253 0.272253 0.2722531 0.768546 1.355414 1.355414 1.355414 1.355414 1.355414 1.355414 1.355414 1.355414 1.355414 1.240076 0.9963191 0.9880586 0.9867764 0.9963191 0.9897413 1.064223 3.270441 3.823463 3.83224 3.577695 2.824644 1.949599 1.06254 0.8841921 0.8841921 0.884192 0.884192 0.8841921 0.884192 0.8841921 0.8841921 0.884192 0.884192 0.884192 0.8841921 0.884192
0.2997545 0.2997544 0.2997545 0.2997544 0.2997545 0.2997545 0.2997545 0.2997545 0.2568339 0.2069348 0.2796052 0.2796052 0.2796052 0.2796052 0.2796052 0.2796052 0.2598266 0.2021684 0.1723018 0.1412285 0.1255113 0.1116293 0.1116293 0.1128431 0.1490234 0.151999 0.1707587 0.2126418 0.2550928 0.2722531 0.272253 0.272253 0.272253 0.272253 0.2766412 0.7622571 1.19452 1.342705 1.355414 1.355414 1.355414 1.355414 1.355414 1.355414 1.355414 1.244301 0.9963191 0.9963191 0.9963192 0.9963191 0.9963191 0.9963192 0.9963191 1.455624 1.883911 0.9108757 0.884192 0.884192 0.884192 0.8841921 0.884192 0.884192 0.884192 0.884192 0.884192 0.8841921 0.8841921 0.8841921 0.884192 0.8841921 0.884192 0.884192
-9999 -9999 -9999 -9999 -9999 -9999 -9999 1.153017 1.153017 0.9728694 0.4560332 0.2796052 0.2796052 0.2796052 0.2796052 0.2796052 0.2796052 0.2796052 0.2796052 0.2796052 0.2795725 0.2575283 0.2245342 0.2451778 0.2796052 0.2796052 0.2725568 0.272253 0.272253 0.272253 0.272253 0.272253 0.272253 0.2738375 0.6405408 0.8958439 0.8958439 0.9344422 1.117866 1.396426 1.41272 1.423001 1.410033 1.567909 1.575635 1.501711 1.038343 0.9963192 0.9963192 0.9963191 0.9963191 1.498467 1.428438 0.9060466 0.8841921 0.884192 0.884192 0.884192 0.8841921 0.8841921 0.8841921 0.884192 0.884192 0.884192 0.8841921 0.8841921 0.8841921 0.8841921 0.8841921 0.884192 0.8841921 0.884192
1.153017 1.153017 1.153017 1.153017 -9999 -9999 -9999 1.153017 1.153017 1.153017 1.115007 0.9328489 0.5922222 0.5143134 0.4812208 0.4237565 0.3191859 0.2707098 0.2671701 0.2630839 0.2635113 0.2637785 0.2630921 0.2613734 0.2608571 0.260816 0.2646694 0.2670666 0.2722489 0.272253 0.272253 0.272253 0.272253 0.408186 0.8838597 0.8958439 0.8958439 1.149664 1.618707 1.71062 1.711019 1.71108 1.71108 1.71108 1.71108 1.641169 1.398389 1.341623 1.272945 1.044799 2.064645 3.242158 3.099328 1.872755 0.8841921 0.8841922 0.8841921 0.884192 0.884192 0.8841921 0.884192 0.884192 0.884192 0.8841921 0.8841921 0.884192 0.884192 0.8841921 0.884192 0.8841921 0.8841921 0.884192
1.153017 1.175546 1.206748 1.18794 1.153017 6.909582 94.62062 112.4711 155.5061 147.0708 1.153017 1.179431 0.8152815 0.7777467 0.775909 0.7759091 0.7759091 0.5791641 0.2579205 0.2579206 0.2579206 0.2579205 0.2579206 0.2579206 0.2579206 0.2579206 0.2579206 0.2840918 0.2922054 0.356616 0.2770101 0.274656 0.4111854 0.5474576 0.8057632 0.8958439 0.8958439 1.508087 1.71108 1.71108 1.71108 1.711072 1.599903 1.612905 1.575554 1.554346 1.4011 2.580203 3.23052 3.098624 3.247284 3.247284 3.247283 1.895182 0.9280593 0.8841922 0.884192 0.8841921 1.001246 1.135806 1.192632 1.071793 0.884192 0.884192 0.884192 0.8841921 0.884192 0.884192 0.8841921 0.884192 0.8841921 0.884192
1.391344 1.390466 1.387784 1.387594 1.360571 1.294386 7.311026 68.65345 5.478721 69.78955 1.310416 1.383445 1.394179 1.349196 1.136764 0.8132919 0.7759091 0.7663399 0.694603 0.4161691 0.380537 0.4060384 0.419545 0.4191271 0.3798018 0.4257473 0.4659251 0.4889979 0.489303 0.5687272 0.7504613 1.243426 5.911457 6.07346 5.45082 2.662157 1.86258 2.215899 2.384424 2.214981 1.055608 1.006049 0.5692756 0.5790527 0.5692756 0.5692756 0.5718427 2.347956 3.247284 3.247284 3.247284 3.247284 3.247284 3.224685 3.157616 2.26479 2.611047 2.963924 3.183272 3.247284 3.247284 2.94544 1.468294 1.213006 1.88016 2.17426 2.96872 2.607842 2.319101 1.280928 0.8841921 0.8841921
1.390447 1.388056 1.387784 1.387784 1.387784 1.387784 1.375128 1.464416 1.601283 1.666521 1.394179 1.394179 1.394179 1.391745 1.02627 0.775909 0.775909 0.775909 0.7759091 0.7695439 0.7287541 0.6395157 0.4904686 0.4893031 0.4893031 0.4893031 0.4893031 0.562116 0.7494873 0.8067091 0.8189419 0.8189419 1.246212 7.056882 7.720378 4.199632 2.460094 2.453416 2.453416 2.169568 0.863006 0.5692756 0.5692756 0.5387414 0.5407233 0.5692756 0.6232185 2.964669 3.247284 3.247284 3.247284 3.247284 3.247284 3.247284 3.247284 3.247284 3.247284 3.247284 3.247283 3.247284 3.247284 3.247283 3.247283 3.247284 3.247284 3.247284 3.247284 3.247284 3.247284 2.568424 1.618112 0.9200417
2.247416 1.387784 1.387784 1.387784 1.387784 1.396479 1.420646 1.728125 1.737055 2.960881 3.155728 1.78676 1.329198 1.270916 1.197201 0.9571192 0.9448807 0.9343119 0.8232505 0.7657195 0.7670594 0.7564109 0.6008219 0.4943714 0.4893031 0.489303 0.4893031 0.49325 0.6028897 0.7760412 0.8189419 0.8189418 0.8203418 4.092257 7.724993 7.727415 5.990273 2.871487 2.382781 0.9691837 0.9388443 0.6567051 0.473919 0.3456218 0.335234 0.398986 1.508745 3.247284 3.247284 3.247284 3.247284 3.247283 3.247284 3.247284 3.247284 3.247284 3.247284 3.247284 3.247284 3.247284 3.247284 3.247284 3.247284 3.247284 3.247284 3.247284 3.247284 3.247284 3.247284 3.247284 3.247284 2.229678
1.821688 1.485594 1.509684 1.627274 1.628842 1.728293 1.732864 1.737055 4.321928 7.925629 5.308559 3.537415 1.244172 1.245198 1.247414 1.247414 1.141221 1.003072 0.8323371 0.750916 0.750916 0.750916 0.6070762 0.489303 0.6082058 0.8650854 0.8916326 2.645471 0.8522145 0.8189418 0.8239223 0.8311414 0.8300431 0.9045288 2.903592 4.573882 5.247098 4.338456 1.257794 0.3007863 0.3007863 0.3007863 0.3007863 0.3007863 0.3007863 0.3007863 0.764941 3.173251 3.247284 3.247284 3.247284 3.247284 3.247284 3.247284 3.247284 3.247284 3.247284 3.247283 3.247284 3.247284 3.247284 3.247284 3.247284 3.247284 3.247284 3.247284 3.247284 3.247284 3.247284 3.247283 3.247284 3.247284
1.601004 1.601004 1.602455 1.694825 1.737055 1.737059 1.737057 1.784859 3.100009 3.319681 2.116035 1.274743 1.237621 1.237697 1.238828 1.003979 0.773594 0.750916 0.750916 0.7509159 0.8354931 0.9727188 0.9617611 0.951087 1.014938 1.145023 2.093109 5.337888 4.121546 2.085292 0.9659336 0.853144 0.8531439 0.8531439 0.8540055 0.8706102 0.8710592 0.8710593 0.7431645 0.3045094 0.3007863 0.3007863 0.3007863 0.3007863 0.3007863 0.3007863 0.5081801 3.035398 3.247284 3.247284 3.247284 3.247284 3.247284 3.247284 3.247284 3.247284 3.247284 3.247284 3.247284 3.247284 3.247284 3.247284 3.247284 3.247284 3.247284 3.247284 3.247284 3.247283 3.247284 3.247284 3.247284 3.247284
1.601004 1.639371 1.637875 1.656283 1.737109 1.737114 1.737107 2.451648 3.425921 3.444297 3.923452 3.527675 2.163016 2.47824 2.559303 2.117022 1.809536 1.42277 1.359204 1.202156 1.253956 1.337442 2.138418 1.688726 1.145381 1.145023 3.416694 3.342281 2.483628 150.8696 3.035623 0.8531439 0.853144 0.8556576 0.8687934 0.8710593 0.8710592 0.8710593 0.864525 0.7692727 0.5188814 0.3093716 0.3022332 0.3008449 0.3007863 0.3185616 0.6867095 1.533987 2.283638 2.342018 2.63803 3.185583 3.247284 3.247284 3.247284 3.247284 3.247284 3.247284 3.247284 3.247284 3.247284 3.247284 3.247284 3.247284 3.247284 3.247284 3.247284 3.247284 3.247284 3.247284 3.247284 3.247284
1.937812 1.980243 1.983019 1.947536 1.766997 1.742846 2.008147 2.420062 2.858756 2.940565 4.670628 4.942236 4.942237 4.710539 2.725389 2.563262 2.563827 2.571913 2.954912 3.303138 2.960836 48.51998 27.25589 2.320369 2.098364 1.889637 1.855984 1.977558 2.059023 2.34208 2.091179 0.8829208 0.8531439 0.9821571 1.088248 0.8710592 0.8710593 0.8710592 0.9019163 0.9425111 0.9285897 1.061676 1.081231 1.086 1.083408 1.270665 1.285096 1.125296 1.125296 1.125296 1.06218 1.061094 1.69386 2.798214 3.247284 3.247284 3.247284 3.247284 3.247284 3.247284 3.247284 3.247284 3.247284 3.247284 3.247284 3.247284 3.247284 3.247284 3.247284 3.247284 3.247284 3.247284
1.99171 2.031356 2.114889 2.139796 2.328225 2.340935 2.779552 2.773101 2.772999 2.771785 2.986428 3.453423 3.790118 3.452265 2.471228 2.392634 2.05971 1.886447 4.928226 7.05056 6.957729 6.464878 3.239269 3.085808 2.742753 1.376602 1.433719 1.723763 1.432354 1.087465 0.8591065 1.269272 2.587699 3.120246 3.114893 2.727565 2.9869 2.719923 1.395893 1.08673 1.08673 1.09657 1.193423 1.195364 1.190667 1.327451 2.277462 4.657253 2.308618 1.125296 1.125296 1.091693 0.9649203 1.559779 3.244102 3.247284 3.247284 3.247284 3.247284 3.247284 3.247284 3.247284 3.247284 3.247284 3.247284 3.247284 3.247284 3.247284 3.247284 3.247284 3.247284 3.247284
2.258057 3.0053 2.88954 2.701224 2.764935 2.923962 3.08651 3.705386 3.516374 3.136738 2.317773 2.510321 2.810928 2.651155 2.560609 2.251872 1.749435 1.909166 3.361447 4.00636 4.581699 4.452212 3.462343 3.356495 2.719481 1.629114 1.341134 1.341134 0.970397 0.6874533 0.7101306 1.133164 2.321016 3.099653 3.101265 3.220836 3.266613 3.266613 2.311718 1.19153 1.18243 1.683296 1.373856 1.37377 1.36209 1.36209 7.27792 12.21614 8.32357 6.026401 5.59166 0.6577886 0.3035094 0.3731394 1.715598 3.036757 3.247284 3.247284 3.247284 3.247284 3.247284 3.247284 3.247284 3.247284 3.247284 3.247284 3.247284 3.247284 3.247284 3.247284 3.247284 3.247284
2.425255 3.686243 3.747994 3.864281 4.616033 4.251651 6.677441 4.892086 7.902043 7.624061 7.00573 4.925804 2.678633 2.59925 1.704488 1.630878 1.629166 2.495164 2.747998 2.600344 2.551485 2.462267 1.881964 1.759453 1.718853 2.068898 1.439131 1.33003 1.032618 1.114785 1.233635 2.346163 2.766495 2.766495 2.803098 3.174124 3.266613 3.266613 3.209294 2.933388 2.561855 70.2234 2.897939 3.961649 3.968367 4.517527 5.427746 6.298981 47.51633 15.30597 15.14625 4.235514 0.2789575 0.2789575 0.2789575 1.475313 3.247284 3.247284 3.247284 3.247284 3.247284 3.247284 3.247284 3.247284 3.247284 2.690545 1.128842 0.814185 1.014961 1.239197 1.484173 2.525616
2.997308 4.933309 5.221394 190.1156 27.25139 12.12437 10.77787 187.5154 17.49412 4.570013 3.273682 3.045313 2.826659 2.763172 2.308838 1.65077 1.960751 2.515247 2.521628 2.749489 2.807079 2.630338 2.284793 2.470622 2.862258 4.105758 7.890508 4.104929 3.045483 1.97532 2.52513 3.275103 4.440994 4.190485 2.786374 3.082654 3.266613 3.266613 3.266613 3.164829 3.496684 91.75623 7.825661 7.947187 9.972993 5.950678 4.028541 3.909278 4.664805 9.450776 7.472231 3.64869 1.266892 0.3619591 0.2793361 0.4005911 1.008704 1.191066 2.40451 3.247284 3.247284 3.247284 3.167815 2.399185 1.755542 0.4477437 0.4352655 0.4352655 0.4352655 0.4352655 0.4352655 0.4352655
5.556112 5.28795 5.839467 5.543046 5.453409 5.168432 5.361664 5.446782 6.307771 6.433016 4.713904 5.080549 2.889442 2.787943 2.527002 2.477529 2.871402 1.732978 2.017727 2.433135 2.786921 2.843368 2.481968 3.102257 3.411424 5.701906 139.1898 144.1329 53.2458 4.923716 4.890715 6.253101 7.599173 5.584865 2.503872 3.270261 4.082326 4.886496 6.443267 6.367826 10.03295 11.43895 19.02629 20.06017 6.410085 3.399097 23.19706 49.77021 7.054758 2.789922 2.630189 2.707644 2.762715 2.22427 1.66127 0.6560376 0.3153957 0.3034752 1.516665 3.809919 2.889589 2.305854 1.50599 1.424741 0.8035435 0.7668508 0.4865645 0.4923435 0.6096253 0.6301345 0.4375952 0.4352655
4.763681 4.421365 6.292063 5.551463 7.73958 11.47841 11.0222 13.11229 8.349411 7.56897 10.40833 15.1354 13.24717 2.718623 2.59199 4.021633 3.187533 11.56169 13.68658 11.63294 3.94312 3.088596 3.165201 3.87028 17.5442 9.20085 17.06771 15.7011 8.655463 7.69511 6.187166 5.990956 8.997569 64.28434 11.33413 10.37785 13.46424 14.50567 18.21326 46.37508 68.92709 47.27309 18.26718 18.99806 7.631277 22.99919 18.60443 20.42839 16.50889 25.22287 11.79555 4.542644 4.617828 3.659251 3.244559 3.244559 2.040518 3.001093 6.151119 6.262344 2.001906 2.211868 1.99866 1.455653 74.11806 5.008352 1.144888 1.244795 1.355534 1.542947 1.035982 0.6575015
